0.10575001	10001.0	0.096501134	-0.043250389	20.0
0.10165906	7913.0005	0.095661394	-0.03440148	20.0
0.098830692	6262.001	0.095064178	-0.027024206	20.0
0.097137004	4954.999	0.094845355	-0.020975145	20.0
0.096140817	3919.9995	0.094765261	-0.016205003	20.0
0.095689043	3102.0002	0.09489122	-0.012330856	20.0
0.095463693	2452.5471	0.095020704	-0.0091859633	20.0
0.095544271	1942.0007	0.095307395	-0.0067237313	20.0
0.095717356	1535.4645	0.095601596	-0.0047059967	20.0
0.096033573	1215.9999	0.095982119	-0.0031433254	20.0
0.09642195	962.03754	0.096404307	-0.0018446512	20.0
0.096790649	761.23975	0.096786685	-0.00087622582	20.0
0.097254485	601.79736	0.09725444	-9.1702044e-05	20.0
0.097669706	476.52283	0.097668424	0.00050099107	20.0
0.098114744	376.86899	0.098110102	0.0009543706	20.0
0.098584741	298.10471	0.098576359	0.0012856091	20.0
0.098936424	236.05534	0.098924465	0.0015380266	20.0
0.099435747	186.69292	0.099420384	0.0017478159	20.0
0.099775732	147.6705	0.099758253	0.0018673508	20.0
0.1002036	116.9485	0.10018452	0.0019557232	20.0
0.10057977	92.536209	0.10055955	0.00201677	20.0
0.10091463	73.194969	0.10089535	0.0019728059	20.0
0.10124959	57.900322	0.10122956	0.0020136819	20.0
0.10159946	45.809425	0.10157962	0.0020077182	20.0
0.10184889	36.240089	0.10182919	0.0020030481	20.0
0.10222143	28.680079	0.10220199	0.0019934671	20.0
0.10247241	22.705643	0.10245311	0.0019891225	20.0
0.10283206	17.958227	0.10281221	0.0020208491	20.0
0.10307257	14.204997	0.10305266	0.0020256722	20.0
0.1033399	11.24572	0.10332073	0.0019903192	20.0
0.10373403	8.8964586	0.10371488	0.0019930019	20.0
0.10397534	7.0361419	0.10395666	0.0019706346	20.0
0.10433928	5.5693088	0.10432012	0.0019991521	20.0
0.1045174	4.4051557	0.1045007	0.0018680821	20.0
0.10479318	3.487803	0.10477491	0.0019562463	20.0
0.10513987	2.759043	0.10512411	0.0018201584	20.0
0.10542236	2.1839514	0.10540596	0.001859571	20.0
0.10567107	1.7276033	0.10565458	0.001866683	20.0
0.10597899	1.3667158	0.10596394	0.0017858504	20.0
0.10603273	1.0803342	0.10601822	0.0017545156	20.0
0.10640269	0.85448843	0.10639028	0.0016249067	20.0
0.10659894	0.67753714	0.10657989	0.0020152265	20.0
0.10683087	0.53551048	0.10681116	0.0020520927	20.0
0.10710514	0.42375177	0.10708413	0.0021212525	20.0
0.10738336	0.33527613	0.10735936	0.0022702969	20.0
0.10762418	0.26542693	0.1075962	0.0024541991	20.0
0.10789651	0.20954758	0.10786413	0.0026431854	20.0
0.10820604	0.16530976	0.10816713	0.0029013839	20.0
0.10853916	0.13038516	0.10849185	0.0032045715	20.0
0.10889662	0.10477379	0.10883413	0.0036886432	20.0
0.10928682	0.081490725	0.10920984	0.0041014752	20.0
0.10984808	0.06519258	0.1097555	0.0045090197	20.0
0.11045007	0.051222742	0.11033294	0.0050854622	20.0
0.11080308	0.041909516	0.11064631	0.0058919638	20.0
0.11157155	0.03259629	0.11135902	0.0068832585	20.0
0.11236769	0.025611371	0.1121105	0.0075982986	20.0
0.11337855	0.020954758	0.11302105	0.0089965267	20.0
0.11422741	0.016298145	0.1137664	0.010252209	20.0
0.11703972	0.011641532	0.11629605	0.013172878	20.0
0.11820486	0.0093132257	0.11724708	0.015017048	20.0
0.10276544	10001.0	0.092950098	-0.043829389	20.0
0.098444261	7913.0005	0.092034929	-0.034940574	20.0
0.095425025	6262.001	0.091357596	-0.027563104	20.0
0.093609653	4954.999	0.091098584	-0.02153638	20.0
0.092486367	3919.9995	0.090956934	-0.01675004	20.0
0.091821566	3102.0002	0.09091612	-0.012863102	20.0
0.091556661	2452.5471	0.091033176	-0.0097766584	20.0
0.091515101	1942.0007	0.091224216	-0.0072908048	20.0
0.091642685	1535.4645	0.091488175	-0.0053192955	20.0
0.091841988	1215.9999	0.091764994	-0.003759824	20.0
0.092111275	962.03754	0.092076808	-0.0025196038	20.0
0.09239722	761.23975	0.092384823	-0.0015136697	20.0
0.092726156	601.79736	0.092722684	-0.00080280122	20.0
0.093059972	476.52283	0.093059614	-0.00025787903	20.0
0.093390286	376.86899	0.093390048	0.000211034	20.0
0.093756258	298.10471	0.093754977	0.00048999186	20.0
0.094023146	236.05534	0.09402027	0.00073533849	20.0
0.094413519	186.69292	0.094409071	0.00091625261	20.0
0.094674587	147.6705	0.094669595	0.00097184512	20.0
0.094863862	116.9485	0.094858795	0.00098014879	20.0
0.09511286	92.536209	0.095107898	0.00097175792	20.0
0.095294803	73.194969	0.095290042	0.00095285167	20.0
0.095488861	57.900322	0.095484726	0.00088869606	20.0
0.095619462	45.809425	0.095615879	0.0008278109	20.0
0.09574718	36.240089	0.095744133	0.00076379086	20.0
0.095855102	28.680079	0.095852256	0.00073891325	20.0
0.095935002	22.705643	0.095932558	0.00068494392	20.0
0.095972165	17.958227	0.095970027	0.00064087304	20.0
0.096114963	14.204997	0.096113235	0.00057686219	20.0
0.096185744	11.24572	0.096184328	0.00052123528	20.0
0.096335702	8.8964586	0.096333943	0.00058172626	20.0
0.096339941	7.0361419	0.096338555	0.0005163746	20.0
0.096317224	5.5693088	0.096315473	0.00058068824	20.0
0.096421011	4.4051557	0.096419513	0.00053728587	20.0
0.096465342	3.487803	0.096463844	0.00053791521	20.0
0.096583664	2.759043	0.096581511	0.0006448183	20.0
0.096655004	2.1839514	0.096653149	0.00059853855	20.0
0.096695796	1.7276033	0.096693411	0.00067870639	20.0
0.096800737	1.3667158	0.096797228	0.00082407327	20.0
0.096884333	1.0803342	0.09688089	0.00081689889	20.0
0.09697523	0.85448843	0.096972853	0.00067859271	20.0
0.097102284	0.67753714	0.097096875	0.0010247248	20.0
0.097076684	0.53551048	0.097070821	0.0010667474	20.0
0.097341076	0.42375177	0.097334653	0.0011179706	20.0
0.097484432	0.33527613	0.097473718	0.0014450363	20.0
0.097635478	0.26542693	0.097623825	0.0015086409	20.0
0.097742103	0.20954758	0.097727247	0.0017039904	20.0
0.097967744	0.16530976	0.09794575	0.0020759492	20.0
0.098273978	0.13038516	0.098245591	0.0023620022	20.0
0.098424554	0.10477379	0.098389089	0.0026420581	20.0
0.098714657	0.081490725	0.098667584	0.0030482626	20.0
0.099088132	0.06519258	0.099027947	0.0034530656	20.0
0.099538639	0.051222742	0.099458463	0.0039943876	20.0
0.099845849	0.041909516	0.099743485	0.0045200055	20.0
0.10042139	0.03259629	0.10028476	0.0052366084	20.0
0.1011511	0.025611371	0.10096435	0.0061437991	20.0
0.10166202	0.020954758	0.10139585	0.0073517719	20.0
0.10244841	0.016298145	0.10209718	0.0084761064	20.0
0.10382907	0.011641532	0.10321575	0.011268718	20.0
0.10487003	0.0093132257	0.10409345	0.012738715	20.0
