0.046669159	10001.0	0.026685152	-0.038287245	1.0
0.040174231	7913.0005	0.025921637	-0.03069263	1.0
0.03500963	6262.001	0.02516629	-0.024337873	1.0
0.03129036	4954.999	0.024731489	-0.019168725	1.0
0.028677939	3919.9995	0.024459604	-0.014971705	1.0
0.026986847	3102.0002	0.024358759	-0.0116164	1.0
0.025904167	2452.5471	0.024333498	-0.0088829473	1.0
0.025352566	1942.0007	0.024450053	-0.0067042918	1.0
0.025079202	1535.4645	0.024581803	-0.0049700434	1.0
0.025015758	1215.9999	0.024754697	-0.0036045997	1.0
0.025118608	962.03754	0.02499604	-0.0024784016	1.0
0.025281958	761.23975	0.025228886	-0.0016372876	1.0
0.025480276	601.79736	0.025462536	-0.00095062319	1.0
0.025721468	476.52283	0.025717584	-0.00044700431	1.0
0.025960924	376.86899	0.025960902	-3.343448e-05	1.0
0.026221134	298.10471	0.026219871	0.00025725411	1.0
0.026453994	236.05534	0.026449956	0.00046216094	1.0
0.026688755	186.69292	0.02668217	0.00059280399	1.0
0.026905056	147.6705	0.026896501	0.00067846593	1.0
0.027110098	116.9485	0.027099935	0.00074224448	1.0
0.027303809	92.536209	0.027293695	0.00074312428	1.0
0.027480414	73.194969	0.027470089	0.00075320358	1.0
0.027603528	57.900322	0.027594432	0.00070852751	1.0
0.027724918	45.809425	0.027716497	0.00068325689	1.0
0.027834548	36.240089	0.027827017	0.00064740132	1.0
0.027922956	28.680079	0.027916262	0.00061135815	1.0
0.028005471	22.705643	0.027999435	0.00058147695	1.0
0.028100537	17.958227	0.028094949	0.00056039868	1.0
0.028164826	14.204997	0.028159246	0.00056067371	1.0
0.028235143	11.24572	0.028230431	0.00051579415	1.0
0.02829841	8.8964586	0.028293613	0.00052100577	1.0
0.028378496	7.0361419	0.028373428	0.00053636328	1.0
0.028426116	5.5693088	0.028421268	0.00052500865	1.0
0.028497327	4.4051557	0.028491514	0.00057558093	1.0
0.028535359	3.487803	0.028529339	0.00058610627	1.0
0.028631287	2.759043	0.028624959	0.00060190633	1.0
0.028719876	2.1839514	0.028711827	0.00067985564	1.0
0.028764533	1.7276033	0.028755778	0.0007096263	1.0
0.028849004	1.3667158	0.028838243	0.00078787014	1.0
0.028953828	1.0803342	0.028941095	0.00085858902	1.0
0.029072996	0.85448843	0.029057689	0.00094328664	1.0
0.029201251	0.67753714	0.02918308	0.0010299835	1.0
0.02933033	0.53551048	0.029306822	0.0011740888	1.0
0.029441342	0.42375177	0.029413018	0.0012911196	1.0
0.029634003	0.33527613	0.029596804	0.001484352	1.0
0.029846353	0.26542693	0.029799333	0.0016746767	1.0
0.030022535	0.20954758	0.029968644	0.0017980566	1.0
0.030297121	0.16530976	0.030231342	0.0019953616	1.0
0.030623155	0.13038516	0.030536067	0.0023078613	1.0
0.03081643	0.10477379	0.030707384	0.0025901685	1.0
0.03115122	0.081490725	0.031011106	0.002951243	1.0
0.031596079	0.06519258	0.031425063	0.0032829219	1.0
0.032109324	0.051222742	0.031888314	0.0037608535	1.0
0.032388467	0.041909516	0.032113899	0.004208379	1.0
0.03302956	0.03259629	0.032688636	0.0047333683	1.0
0.033752743	0.025611371	0.033328585	0.0053341356	1.0
0.034413941	0.020954758	0.033836178	0.0062795188	1.0
0.035208024	0.016298145	0.034505606	0.0069977161	1.0
0.036795959	0.011641532	0.035638962	0.0091546103	1.0
0.037835471	0.0093132257	0.036445439	0.010161347	1.0
0.046479236	10001.0	0.02633865	-0.038296148	1.0
0.039900348	7913.0005	0.025413029	-0.03076062	1.0
0.03471363	6262.001	0.024690107	-0.024401531	1.0
0.030942481	4954.999	0.024194894	-0.019288449	1.0
0.02828731	3919.9995	0.023921015	-0.015098243	1.0
0.026521696	3102.0002	0.023791157	-0.011720974	1.0
0.025417393	2452.5471	0.023771616	-0.0089974524	1.0
0.024796493	1942.0007	0.02383592	-0.0068348362	1.0
0.024510419	1535.4645	0.023974845	-0.0050958283	1.0
0.024420062	1215.9999	0.024134286	-0.0037250025	1.0
0.024468992	962.03754	0.024324657	-0.0026537974	1.0
0.024597758	761.23975	0.024532827	-0.001786084	1.0
0.024772968	601.79736	0.024748504	-0.001100682	1.0
0.025000062	476.52283	0.024992777	-0.00060345483	1.0
0.025217935	376.86899	0.025217101	-0.00020516569	1.0
0.025446877	298.10471	0.025446735	8.4631574e-05	1.0
0.025655445	236.05534	0.025653791	0.00029128487	1.0
0.025848657	186.69292	0.025844989	0.00043545518	1.0
0.026051447	147.6705	0.026046108	0.00052739301	1.0
0.026236121	116.9485	0.026229467	0.00059083453	1.0
0.026393373	92.536209	0.0263862	0.00061529508	1.0
0.026538962	73.194969	0.026532032	0.00060652482	1.0
0.026653772	57.900322	0.026646905	0.00060505408	1.0
0.026762534	45.809425	0.026756121	0.00058587553	1.0
0.026855765	36.240089	0.026849896	0.00056139537	1.0
0.026946543	28.680079	0.026941231	0.00053505006	1.0
0.02702958	22.705643	0.027024712	0.00051296555	1.0
0.027076991	17.958227	0.027072456	0.00049552799	1.0
0.027142072	14.204997	0.027137797	0.00048172288	1.0
0.02722119	11.24572	0.027216706	0.00049407809	1.0
0.027295999	8.8964586	0.027291529	0.00049402146	1.0
0.027327185	7.0361419	0.027323127	0.00047099116	1.0
0.02737781	5.5693088	0.027373757	0.00047106092	1.0
0.027441394	4.4051557	0.027436839	0.00049997517	1.0
0.027521888	3.487803	0.027517268	0.00050424156	1.0
0.027586967	2.759043	0.027581578	0.00054519513	1.0
0.027662827	2.1839514	0.027656384	0.00059701997	1.0
0.027691199	1.7276033	0.027683677	0.00064537348	1.0
0.027773321	1.3667158	0.027765023	0.00067885092	1.0
0.027882893	1.0803342	0.027872397	0.00076495518	1.0
0.028000748	0.85448843	0.027987979	0.00084548752	1.0
0.028027466	0.67753714	0.028013421	0.00088717515	1.0
0.028164882	0.53551048	0.028148146	0.00097080116	1.0
0.028300108	0.42375177	0.028277693	0.0011261596	1.0
0.028477034	0.33527613	0.028450001	0.001240509	1.0
0.028641542	0.26542693	0.028607218	0.0014018227	1.0
0.028767588	0.20954758	0.028725492	0.0015557149	1.0
0.02897517	0.16530976	0.028924651	0.0017102576	1.0
0.029238397	0.13038516	0.029175498	0.0019168106	1.0
0.029428607	0.10477379	0.02934657	0.0021958479	1.0
0.029684778	0.081490725	0.029578609	0.0025083614	1.0
0.030036349	0.06519258	0.02990762	0.0027778719	1.0
0.03043567	0.051222742	0.030268095	0.0031894224	1.0
0.030684389	0.041909516	0.030466121	0.0036533854	1.0
0.031215094	0.03259629	0.030936845	0.0041585676	1.0
0.031817611	0.025611371	0.031469505	0.0046936781	1.0
0.032434456	0.020954758	0.031972364	0.0054554371	1.0
0.033115495	0.016298145	0.032532375	0.0061871232	1.0
0.034751505	0.011641532	0.033809967	0.0080345068	1.0
0.035540771	0.0093132257	0.034366556	0.0090601463	1.0
0.047099095	10001.0	0.027641937	-0.038134605	22.0
0.040461831	7913.0005	0.026693096	-0.030407866	22.0
0.035394877	6262.001	0.025890971	-0.024134103	22.0
0.031707119	4954.999	0.025430158	-0.018938016	22.0
0.029147986	3919.9995	0.025152627	-0.014729238	22.0
0.027514976	3102.0002	0.02507457	-0.011328719	22.0
0.026555354	2452.5471	0.025130918	-0.0085804267	22.0
0.026041096	1942.0007	0.025245152	-0.0063891318	22.0
0.025839297	1535.4645	0.025421569	-0.0046274303	22.0
0.025865832	1215.9999	0.025661862	-0.0032419355	22.0
0.026032502	962.03754	0.025945051	-0.0021320174	22.0
0.026240464	761.23975	0.026210835	-0.0012466115	22.0
0.026517751	601.79736	0.026511887	-0.00055760372	22.0
0.026814727	476.52283	0.026814725	-8.1032904e-06	22.0
0.027155824	376.86899	0.027152764	0.00040764376	22.0
0.027465949	298.10471	0.027456101	0.00073540624	22.0
0.027787447	236.05534	0.027770313	0.00097568578	22.0
0.028114103	186.69292	0.028091084	0.0011374539	22.0
0.028413715	147.6705	0.028385049	0.0012759952	22.0
0.028714256	116.9485	0.028683385	0.0013311269	22.0
0.029010283	92.536209	0.028977592	0.0013768247	22.0
0.029294668	73.194969	0.029261289	0.0013980463	22.0
0.029544037	57.900322	0.029510999	0.0013967864	22.0
0.029777071	45.809425	0.029746119	0.0013573434	22.0
0.030011924	36.240089	0.029983837	0.0012981015	22.0
0.030228861	28.680079	0.030202452	0.001263282	22.0
0.030425206	22.705643	0.030401671	0.0011964808	22.0
0.030609945	17.958227	0.030589264	0.0011250369	22.0
0.030760862	14.204997	0.03074252	0.0010620948	22.0
0.03091755	11.24572	0.03090168	0.00099048403	22.0
0.031014156	8.8964586	0.030999659	0.00094816665	22.0
0.031124566	7.0361419	0.031111035	0.00091761997	22.0
0.031276599	5.5693088	0.031264026	0.00088678044	22.0
0.031330597	4.4051557	0.031319484	0.00083437469	22.0
0.031439528	3.487803	0.031428106	0.00084732391	22.0
0.031573359	2.759043	0.031562399	0.00083189749	22.0
0.031647611	2.1839514	0.031636886	0.00082382455	22.0
0.03172642	1.7276033	0.031713754	0.00089637074	22.0
0.031846352	1.3667158	0.031833347	0.00091001292	22.0
0.031962156	1.0803342	0.031947516	0.00096732134	22.0
0.032073706	0.85448843	0.0320541	0.0011212485	22.0
0.032239832	0.67753714	0.032219447	0.0011462648	22.0
0.032337476	0.53551048	0.032312226	0.0012776729	22.0
0.032523032	0.42375177	0.03249253	0.0014082576	22.0
0.032682505	0.33527613	0.032643586	0.0015945103	22.0
0.032850809	0.26542693	0.032805685	0.001721276	22.0
0.033119485	0.20954758	0.033065967	0.0018820598	22.0
0.033411063	0.16530976	0.033337861	0.0022104422	22.0
0.033626262	0.13038516	0.033534452	0.0024831437	22.0
0.033914771	0.10477379	0.033805303	0.0027227185	22.0
0.034328453	0.081490725	0.0341895	0.0030855883	22.0
0.034758344	0.06519258	0.034576349	0.0035522648	22.0
0.035246287	0.051222742	0.035007592	0.0040950184	22.0
0.035714023	0.041909516	0.03544566	0.0043699509	22.0
0.036414154	0.03259629	0.036065057	0.0050301445	22.0
0.037192661	0.025611371	0.036741488	0.0057755555	22.0
0.037576534	0.020954758	0.037033793	0.0063634873	22.0
0.038755015	0.016298145	0.038074769	0.0072293151	22.0
0.039780445	0.011641532	0.038874049	0.008443471	22.0
0.041297968	0.0093132257	0.040186085	0.009518452	22.0
0.046701789	10001.0	0.026872301	-0.038196027	22.0
0.040074494	7913.0005	0.025964877	-0.030525239	22.0
0.03496673	6262.001	0.025240725	-0.02419872	22.0
0.031248843	4954.999	0.024781585	-0.01903584	22.0
0.028681142	3919.9995	0.024535267	-0.014853572	22.0
0.02697476	3102.0002	0.024421433	-0.011455622	22.0
0.025954891	2452.5471	0.024440551	-0.0087358942	22.0
0.025391659	1942.0007	0.024530647	-0.0065561943	22.0
0.025167944	1535.4645	0.024704671	-0.0048067281	22.0
0.025146775	1215.9999	0.024913624	-0.0034163718	22.0
0.025252484	962.03754	0.02514514	-0.0023259148	22.0
0.025466094	761.23975	0.025425846	-0.0014311877	22.0
0.02570257	601.79736	0.025692245	-0.00072845677	22.0
0.02598721	476.52283	0.025986385	-0.0002070192	22.0
0.026263122	376.86899	0.026262285	0.00020962104	22.0
0.026550669	298.10471	0.026545476	0.00052505796	22.0
0.02683639	236.05534	0.026826061	0.00074449473	22.0
0.027126763	186.69292	0.027111011	0.00092433911	22.0
0.027395086	147.6705	0.027375471	0.0010365166	22.0
0.027655307	116.9485	0.02763175	0.001141235	22.0
0.027907373	92.536209	0.027883692	0.0011494664	22.0
0.028153846	73.194969	0.028127905	0.0012082987	22.0
0.02837096	57.900322	0.028345922	0.0011916709	22.0
0.028584654	45.809425	0.028560998	0.0011626796	22.0
0.028771542	36.240089	0.028748794	0.0011438776	22.0
0.028968692	28.680079	0.028947959	0.0010958069	22.0
0.029147564	22.705643	0.029128892	0.0010431273	22.0
0.029289544	17.958227	0.029272495	0.00099919562	22.0
0.029426211	14.204997	0.029411567	0.00092822162	22.0
0.029554587	11.24572	0.029541429	0.00088178483	22.0
0.02966395	8.8964586	0.029652348	0.00082957535	22.0
0.02976105	7.0361419	0.029750202	0.00080346345	22.0
0.02987016	5.5693088	0.029859515	0.00079735363	22.0
0.029966479	4.4051557	0.02995606	0.00079019199	22.0
0.030047614	3.487803	0.030038062	0.0007575929	22.0
0.030130237	2.759043	0.030119916	0.00078857673	22.0
0.030255564	2.1839514	0.030244755	0.00080866739	22.0
0.030310836	1.7276033	0.030299844	0.00081622193	22.0
0.030442597	1.3667158	0.030431159	0.00083442056	22.0
0.030549265	1.0803342	0.030533735	0.00097401923	22.0
0.030662397	0.85448843	0.03064614	0.00099837	22.0
0.030763546	0.67753714	0.030745478	0.0010542149	22.0
0.030888457	0.53551048	0.030865625	0.0011874238	22.0
0.031036334	0.42375177	0.031009855	0.0012817659	22.0
0.031179104	0.33527613	0.031147324	0.0014074082	22.0
0.03138506	0.26542693	0.031342931	0.0016256099	22.0
0.03157175	0.20954758	0.031523198	0.0017502476	22.0
0.031798884	0.16530976	0.031739239	0.0019467394	22.0
0.032086246	0.13038516	0.032012731	0.0021707448	22.0
0.032310452	0.10477379	0.032213207	0.0025049013	22.0
0.032592967	0.081490725	0.03246947	0.0028346095	22.0
0.032973584	0.06519258	0.032825116	0.0031255435	22.0
0.033472601	0.051222742	0.033284862	0.0035402153	22.0
0.033743549	0.041909516	0.03350091	0.0040393369	22.0
0.034369525	0.03259629	0.034062736	0.0045819608	22.0
0.035056066	0.025611371	0.034669839	0.0051894095	22.0
0.035743583	0.020954758	0.035224069	0.0060719661	22.0
0.036502067	0.016298145	0.03584883	0.0068747578	22.0
0.038278189	0.011641532	0.037218601	0.0089440243	22.0
0.039192528	0.0093132257	0.037894875	0.010001639	22.0
0.047057804	10001.0	0.028077599	-0.037763547	43.0
0.040682159	7913.0005	0.027037144	-0.030397877	43.0
0.035640556	6262.001	0.026265835	-0.024090562	43.0
0.031950355	4954.999	0.025771059	-0.018885912	43.0
0.029464021	3919.9995	0.025542503	-0.014687036	43.0
0.027864575	3102.0002	0.025490006	-0.01125585	43.0
0.026901962	2452.5471	0.025514631	-0.0085275564	43.0
0.0264343	1942.0007	0.025665672	-0.006328152	43.0
0.02625962	1535.4645	0.025858063	-0.0045747329	43.0
0.026296483	1215.9999	0.026104026	-0.0031756731	43.0
0.026482107	962.03754	0.026402066	-0.0020574005	43.0
0.026707752	761.23975	0.026682111	-0.0011700266	43.0
0.026988333	601.79736	0.026983935	-0.00048715356	43.0
0.027310245	476.52283	0.0273102	4.9395687e-05	43.0
0.027637791	376.86899	0.027633512	0.00048624954	43.0
0.027972963	298.10471	0.02796129	0.00080806704	43.0
0.028298503	236.05534	0.028278675	0.0010591297	43.0
0.028629482	186.69292	0.028602896	0.0012335248	43.0
0.028936364	147.6705	0.028903469	0.0013793395	43.0
0.029247044	116.9485	0.029209957	0.0014724316	43.0
0.029563583	92.536209	0.029523147	0.0015457233	43.0
0.029851686	73.194969	0.029809223	0.001591651	43.0
0.030131159	57.900322	0.030087434	0.0016226753	43.0
0.03042358	45.809425	0.030381108	0.0016069986	43.0
0.030706814	36.240089	0.030664839	0.0016050143	43.0
0.030971551	28.680079	0.030931259	0.001579318	43.0
0.031229628	22.705643	0.031192502	0.0015223372	43.0
0.03145884	17.958227	0.031423692	0.0014866705	43.0
0.031687815	14.204997	0.031657308	0.0013901176	43.0
0.031908154	11.24572	0.031882059	0.0012901764	43.0
0.032089736	8.8964586	0.032065831	0.0012384297	43.0
0.032254741	7.0361419	0.032232195	0.0012057341	43.0
0.032399055	5.5693088	0.032380998	0.0010814852	43.0
0.032529097	4.4051557	0.032509584	0.0011265791	43.0
0.032682821	3.487803	0.032666761	0.0010244391	43.0
0.032747597	2.759043	0.032731883	0.0010143756	43.0
0.032872934	2.1839514	0.032857429	0.0010095164	43.0
0.033018451	1.7276033	0.033003185	0.001003883	43.0
0.033144303	1.3667158	0.033127848	0.0010442613	43.0
0.033212941	1.0803342	0.033194736	0.0010995165	43.0
0.033334747	0.85448843	0.033313781	0.0011821061	43.0
0.033468943	0.67753714	0.033444997	0.001265816	43.0
0.033670407	0.53551048	0.033642597	0.0013681471	43.0
0.033751689	0.42375177	0.033720054	0.0014610147	43.0
0.034002651	0.33527613	0.033963043	0.0016407309	43.0
0.034205455	0.26542693	0.034156498	0.0018294486	43.0
0.034403346	0.20954758	0.034343485	0.0020286513	43.0
0.034692563	0.16530976	0.034619261	0.0022540211	43.0
0.035017729	0.13038516	0.034924019	0.0025601285	43.0
0.035246216	0.10477379	0.035130776	0.0028503065	43.0
0.035633296	0.081490725	0.03548786	0.0032161232	43.0
0.036141273	0.06519258	0.035962753	0.0035877703	43.0
0.03674664	0.051222742	0.03650929	0.0041698073	43.0
0.03702876	0.041909516	0.036745518	0.0045711985	43.0
0.037795629	0.03259629	0.037437975	0.0051872451	43.0
0.038643282	0.025611371	0.038190428	0.0058986782	43.0
0.039232302	0.020954758	0.038629126	0.0068530329	43.0
0.040185913	0.016298145	0.039464615	0.0075797015	43.0
0.041688405	0.011641532	0.040572587	0.0095806178	43.0
0.042849269	0.0093132257	0.041525122	0.010569963	43.0
0.047326479	10001.0	0.0277374	-0.038346216	43.0
0.040449884	7913.0005	0.026496515	-0.030563505	43.0
0.035357438	6262.001	0.025726387	-0.024254926	43.0
0.031627998	4954.999	0.025246847	-0.019050643	43.0
0.029052485	3919.9995	0.024972197	-0.014847097	43.0
0.027349424	3102.0002	0.024839686	-0.011444691	43.0
0.026343461	2452.5471	0.024866305	-0.0086974008	43.0
0.025826151	1942.0007	0.024988513	-0.0065241284	43.0
0.0256189	1535.4645	0.02517171	-0.0047658198	43.0
0.025587521	1215.9999	0.025366595	-0.003355162	43.0
0.025731213	962.03754	0.02563135	-0.0022647842	43.0
0.02592583	761.23975	0.025889775	-0.0013668372	43.0
0.026179075	601.79736	0.026170341	-0.00067620911	43.0
0.026473338	476.52283	0.0264729	-0.00015222402	43.0
0.02675641	376.86899	0.026755026	0.00027213545	43.0
0.027054274	298.10471	0.027048299	0.00056861783	43.0
0.027348133	236.05534	0.027335266	0.00083879422	43.0
0.027622344	186.69292	0.027603814	0.0010115869	43.0
0.027928522	147.6705	0.027904503	0.0011580437	43.0
0.028205173	116.9485	0.028176695	0.0012671239	43.0
0.028475333	92.536209	0.028444445	0.0013259511	43.0
0.028728036	73.194969	0.028694957	0.001378224	43.0
0.028978007	57.900322	0.028944263	0.0013980191	43.0
0.029214665	45.809425	0.029180696	0.0014083994	43.0
0.029459504	36.240089	0.029426025	0.0014040661	43.0
0.029712882	28.680079	0.029680576	0.001385198	43.0
0.029922068	22.705643	0.029891049	0.0013621009	43.0
0.030147508	17.958227	0.030118978	0.001311242	43.0
0.03036874	14.204997	0.030343195	0.0012453485	43.0
0.030547002	11.24572	0.030523468	0.0011988591	43.0
0.030716352	8.8964586	0.03069634	0.0011085875	43.0
0.030858247	7.0361419	0.030839233	0.0010830982	43.0
0.031006698	5.5693088	0.030989688	0.0010268808	43.0
0.031122584	4.4051557	0.031106601	0.00099730294	43.0
0.031277411	3.487803	0.031262439	0.00096759229	43.0
0.03138075	2.759043	0.031366136	0.00095762801	43.0
0.031496294	2.1839514	0.031482339	0.000937498	43.0
0.031579517	1.7276033	0.031564392	0.00097725668	43.0
0.031713385	1.3667158	0.031698439	0.00097352447	43.0
0.031853594	1.0803342	0.031836804	0.0010341449	43.0
0.03196777	0.85448843	0.031949945	0.0010674583	43.0
0.032074802	0.67753714	0.032053746	0.0011620173	43.0
0.032195929	0.53551048	0.032170489	0.0012796577	43.0
0.032350197	0.42375177	0.032320604	0.0013834187	43.0
0.03258073	0.33527613	0.03254531	0.0015187906	43.0
0.032720152	0.26542693	0.032675553	0.0017078217	43.0
0.032892007	0.20954758	0.032837115	0.0018994672	43.0
0.033193801	0.16530976	0.033127606	0.0020952632	43.0
0.033458017	0.13038516	0.033373781	0.0023726737	43.0
0.03370953	0.10477379	0.03360359	0.002670432	43.0
0.034025792	0.081490725	0.033891026	0.0030253695	43.0
0.034487575	0.06519258	0.034322843	0.0033667909	43.0
0.03499905	0.051222742	0.034783326	0.0038799304	43.0
0.035270065	0.041909516	0.035006255	0.0043057729	43.0
0.035970651	0.03259629	0.03563882	0.0048746513	43.0
0.036728412	0.025611371	0.036306154	0.0055533196	43.0
0.037262823	0.020954758	0.036714792	0.0063672625	43.0
0.038181983	0.016298145	0.03751687	0.0070956466	43.0
0.0395827	0.011641532	0.03849861	0.0092003867	43.0
0.040628143	0.0093132257	0.039343558	0.010135597	43.0
0.047587022	10001.0	0.028383493	-0.038195577	64.0
0.04084076	7913.0005	0.02730114	-0.030374585	64.0
0.035826698	6262.001	0.026544582	-0.024061119	64.0
0.032200221	4954.999	0.026082918	-0.01888215	64.0
0.029690254	3919.9995	0.025830278	-0.014639259	64.0
0.028110789	3102.0002	0.025759745	-0.011253977	64.0
0.027173368	2452.5471	0.025813011	-0.0084900185	64.0
0.026713863	1942.0007	0.025962232	-0.0062922938	64.0
0.026557483	1535.4645	0.026169099	-0.004525282	64.0
0.026591802	1215.9999	0.026406443	-0.0031342742	64.0
0.026785532	962.03754	0.026708337	-0.0020321247	64.0
0.02702811	761.23975	0.027003691	-0.0011486785	64.0
0.027322175	601.79736	0.027318828	-0.00042768623	64.0
0.027641671	476.52283	0.027641423	0.00011718197	64.0
0.027974738	376.86899	0.027969869	0.00052191684	64.0
0.028334243	298.10471	0.028321113	0.0008624887	64.0
0.028638976	236.05534	0.028617481	0.0011093562	64.0
0.028975384	186.69292	0.028946357	0.0012966498	64.0
0.029307825	147.6705	0.029271925	0.0014501953	64.0
0.029627439	116.9485	0.029587429	0.0015392021	64.0
0.029944405	92.536209	0.029899014	0.0016481368	64.0
0.030229824	73.194969	0.030181862	0.0017021911	64.0
0.030531449	57.900322	0.030481486	0.0017459868	64.0
0.030845432	45.809425	0.030794205	0.0017769661	64.0
0.031129332	36.240089	0.031077426	0.0017969176	64.0
0.031458355	28.680079	0.031406224	0.0018103149	64.0
0.031743485	22.705643	0.031691682	0.0018127979	64.0
0.032052625	17.958227	0.032003347	0.0017766389	64.0
0.032349009	14.204997	0.032304157	0.0017029096	64.0
0.032607902	11.24572	0.03256572	0.001658068	64.0
0.032846864	8.8964586	0.032808635	0.0015842724	64.0
0.033094384	7.0361419	0.033061042	0.0014851963	64.0
0.033312969	5.5693088	0.033284046	0.0013878716	64.0
0.033461459	4.4051557	0.033435076	0.0013284547	64.0
0.033650417	3.487803	0.033628296	0.0012199131	64.0
0.033788346	2.759043	0.033766404	0.0012175411	64.0
0.033908181	2.1839514	0.033889629	0.0011215542	64.0
0.034068268	1.7276033	0.034048826	0.0011507688	64.0
0.034148738	1.3667158	0.034128938	0.0011626818	64.0
0.034308631	1.0803342	0.034290317	0.0011208646	64.0
0.034413785	0.85448843	0.034391988	0.0012246887	64.0
0.0345544	0.67753714	0.034527447	0.0013644943	64.0
0.034747563	0.53551048	0.034717895	0.0014355904	64.0
0.034906421	0.42375177	0.034871709	0.0015563522	64.0
0.035060585	0.33527613	0.035017557	0.0017364345	64.0
0.035338353	0.26542693	0.035289116	0.0018648257	64.0
0.035591628	0.20954758	0.035529416	0.0021034661	64.0
0.035808992	0.16530976	0.035730466	0.0023701666	64.0
0.036065899	0.13038516	0.035970204	0.0026255657	64.0
0.036435537	0.10477379	0.036318816	0.0029141088	64.0
0.036881551	0.081490725	0.036729887	0.0033412694	64.0
0.037277412	0.06519258	0.037081305	0.0038186833	64.0
0.037748337	0.051222742	0.037502471	0.0043013408	64.0
0.038400773	0.041909516	0.038108561	0.0047282977	64.0
0.039135721	0.03259629	0.038757205	0.005429884	64.0
0.039861109	0.025611371	0.039382756	0.006156831	64.0
0.040540978	0.020954758	0.040010773	0.0065352083	64.0
0.041808568	0.016298145	0.041094232	0.0076954742	64.0
0.043357983	0.011641532	0.042515095	0.0085077267	64.0
0.04498085	0.0093132257	0.043905381	0.0097772395	64.0
0.047130998	10001.0	0.027709395	-0.038125064	64.0
0.040642545	7913.0005	0.026806194	-0.030549049	64.0
0.035509478	6262.001	0.025990592	-0.024195291	64.0
0.031848513	4954.999	0.025529241	-0.019041682	64.0
0.029269841	3919.9995	0.02524206	-0.014817622	64.0
0.027596343	3102.0002	0.0251325	-0.011398056	64.0
0.026608313	2452.5471	0.025158053	-0.0086645642	64.0
0.026101915	1942.0007	0.025286844	-0.006471904	64.0
0.025902238	1535.4645	0.025469681	-0.0047139404	64.0
0.025908135	1215.9999	0.025693199	-0.0033303134	64.0
0.026037179	962.03754	0.025942124	-0.0022227971	64.0
0.026245864	761.23975	0.026211703	-0.0013386525	64.0
0.026529083	601.79736	0.026521202	-0.00064660667	64.0
0.02680956	476.52283	0.026809383	-9.7186989e-05	64.0
0.027112434	376.86899	0.027110398	0.0003322339	64.0
0.027413459	298.10471	0.027405722	0.00065127492	64.0
0.027703201	236.05534	0.027688356	0.00090681348	64.0
0.02799098	186.69292	0.027969571	0.0010945783	64.0
0.02829732	147.6705	0.028270392	0.0012342196	64.0
0.028566232	116.9485	0.028534373	0.001348743	64.0
0.028839789	92.536209	0.028804053	0.0014352826	64.0
0.029107297	73.194969	0.029069612	0.0014806839	64.0
0.029394487	57.900322	0.029353701	0.0015479259	64.0
0.029647266	45.809425	0.029605249	0.0015778585	64.0
0.029923702	36.240089	0.029879751	0.0016212459	64.0
0.030199206	28.680079	0.030155323	0.0016274274	64.0
0.030474091	22.705643	0.030430568	0.0016280933	64.0
0.030751709	17.958227	0.030709283	0.0016147686	64.0
0.031019254	14.204997	0.030978313	0.0015931986	64.0
0.031274814	11.24572	0.031238124	0.0015144856	64.0
0.031521983	8.8964586	0.031487245	0.0014794467	64.0
0.031741653	7.0361419	0.031711239	0.0013892046	64.0
0.031927008	5.5693088	0.031899132	0.0013338644	64.0
0.032110132	4.4051557	0.032085728	0.0012516475	64.0
0.032285992	3.487803	0.032263041	0.0012172103	64.0
0.032375727	2.759043	0.032354441	0.0011737949	64.0
0.032531276	2.1839514	0.032511633	0.0011303443	64.0
0.032675099	1.7276033	0.032655377	0.0011351217	64.0
0.032782607	1.3667158	0.032762442	0.001149687	64.0
0.032924525	1.0803342	0.032903273	0.0011827602	64.0
0.033073418	0.85448843	0.033052355	0.001180209	64.0
0.033190455	0.67753714	0.033165205	0.0012943983	64.0
0.033340376	0.53551048	0.03331288	0.0013537458	64.0
0.033486798	0.42375177	0.033452507	0.0015150995	64.0
0.033700559	0.33527613	0.033661842	0.0016149584	64.0
0.03392835	0.26542693	0.033878338	0.0018415035	64.0
0.034083709	0.20954758	0.034022752	0.0020375524	64.0
0.034329329	0.16530976	0.034256838	0.0022297374	64.0
0.034679715	0.13038516	0.034590673	0.0024835388	64.0
0.034932978	0.10477379	0.034816612	0.0028489339	64.0
0.035307534	0.081490725	0.035156015	0.0032674992	64.0
0.035741683	0.06519258	0.035561334	0.0035860122	64.0
0.036281548	0.051222742	0.036056988	0.0040304228	64.0
0.036668167	0.041909516	0.036363415	0.0047176662	64.0
0.037311517	0.03259629	0.036939353	0.0052567599	64.0
0.038098171	0.025611371	0.037637249	0.0059083174	64.0
0.039037034	0.020954758	0.038448121	0.006755142	64.0
0.039836902	0.016298145	0.03909741	0.0076401108	64.0
0.042172644	0.011641532	0.041056514	0.0096381828	64.0
0.043207884	0.0093132257	0.041797675	0.010948773	64.0
0.047849473	10001.0	0.028760113	-0.038241703	85.0
0.040969856	7913.0005	0.027569111	-0.030306323	85.0
0.035986833	6262.001	0.026797853	-0.024019308	85.0
0.032408092	4954.999	0.026373416	-0.018834209	85.0
0.029927097	3919.9995	0.026123289	-0.014601538	85.0
0.028382245	3102.0002	0.026070328	-0.011220066	85.0
0.02745604	2452.5471	0.02612431	-0.0084471647	85.0
0.026997611	1942.0007	0.026260845	-0.0062641008	85.0
0.026874781	1535.4645	0.026498318	-0.0044825221	85.0
0.0269148	1215.9999	0.026734887	-0.003106816	85.0
0.027095525	962.03754	0.027022297	-0.0019907248	85.0
0.02734275	761.23975	0.027320549	-0.0011016409	85.0
0.02765486	601.79736	0.027651949	-0.00040128198	85.0
0.027986173	476.52283	0.027985895	0.00012465547	85.0
0.028304255	376.86899	0.028298667	0.00056235964	85.0
0.028663229	298.10471	0.028649669	0.00088154589	85.0
0.029016742	236.05534	0.028994674	0.0011314865	85.0
0.029321035	186.69292	0.029290155	0.0013453662	85.0
0.029660886	147.6705	0.029623291	0.0014929274	85.0
0.029982844	116.9485	0.029940043	0.001601494	85.0
0.030269902	92.536209	0.030223068	0.0016832083	85.0
0.030573659	73.194969	0.030522609	0.0017660448	85.0
0.03089297	57.900322	0.030838497	0.0018337675	85.0
0.031211458	45.809425	0.031154457	0.0018854432	85.0
0.031524096	36.240089	0.031463977	0.0019459554	85.0
0.031854063	28.680079	0.03179178	0.0019910233	85.0
0.032173526	22.705643	0.032110743	0.0020089608	85.0
0.032509144	17.958227	0.03244682	0.0020120335	85.0
0.03286558	14.204997	0.032805759	0.0019820249	85.0
0.033203945	11.24572	0.033146869	0.0019460092	85.0
0.033502206	8.8964586	0.033449177	0.0018842252	85.0
0.03380274	7.0361419	0.033755489	0.0017866858	85.0
0.034088049	5.5693088	0.034048509	0.0016413701	85.0
0.034296099	4.4051557	0.034259398	0.0015862291	85.0
0.034539253	3.487803	0.034505751	0.0015208585	85.0
0.034685433	2.759043	0.034655817	0.0014330617	85.0
0.034882233	2.1839514	0.034855854	0.0013563031	85.0
0.034981143	1.7276033	0.034956414	0.001315074	85.0
0.035125107	1.3667158	0.035100307	0.0013196452	85.0
0.035261091	1.0803342	0.035236787	0.0013089392	85.0
0.035420701	0.85448843	0.035393279	0.0013934714	85.0
0.035610948	0.67753714	0.035583243	0.0014043938	85.0
0.035761666	0.53551048	0.035730552	0.0014914514	85.0
0.035918821	0.42375177	0.035882555	0.0016136954	85.0
0.03612208	0.33527613	0.036079235	0.001758836	85.0
0.036339395	0.26542693	0.036289226	0.0019088153	85.0
0.03661209	0.20954758	0.036547754	0.0021695418	85.0
0.03683801	0.16530976	0.036756493	0.0024493244	85.0
0.037085429	0.13038516	0.036989812	0.0026613593	85.0
0.037479643	0.10477379	0.037358418	0.0030119966	85.0
0.037968729	0.081490725	0.037810635	0.0034612445	85.0
0.038249504	0.06519258	0.03805	0.0039015501	85.0
0.038804561	0.051222742	0.038563281	0.0043205484	85.0
0.039488446	0.041909516	0.03918419	0.0048925048	85.0
0.04019684	0.03259629	0.039810609	0.0055589052	85.0
0.040897451	0.025611371	0.040416375	0.0062544472	85.0
0.04186818	0.020954758	0.041321974	0.0067408411	85.0
0.043003317	0.016298145	0.042264	0.0079397494	85.0
0.045138873	0.011641532	0.04426048	0.0088615948	85.0
0.046679258	0.0093132257	0.045547605	0.010216109	85.0
0.047510162	10001.0	0.028155496	-0.03826857	85.0
0.040770393	7913.0005	0.027043795	-0.030509967	85.0
0.03572097	6262.001	0.026302226	-0.024169829	85.0
0.032042708	4954.999	0.025793528	-0.019011289	85.0
0.029514492	3919.9995	0.025541278	-0.014790145	85.0
0.027902327	3102.0002	0.025475314	-0.011381928	85.0
0.026911484	2452.5471	0.025486814	-0.0086400397	85.0
0.02641991	1942.0007	0.025622567	-0.0064417128	85.0
0.026229598	1535.4645	0.025808815	-0.0046794089	85.0
0.026221018	1215.9999	0.026015939	-0.0032730279	85.0
0.026390774	962.03754	0.026299194	-0.0021966719	85.0
0.02660417	761.23975	0.026572365	-0.0013004936	85.0
0.026863944	601.79736	0.026857136	-0.00060473772	85.0
0.027155504	476.52283	0.027155392	-7.819094e-05	85.0
0.027470402	376.86899	0.027468154	0.00035140937	85.0
0.027766429	298.10471	0.027757982	0.0006848292	85.0
0.028062606	236.05534	0.028046867	0.00093975978	85.0
0.028368017	186.69292	0.028345468	0.0011308615	85.0
0.028670054	147.6705	0.028641671	0.0012754239	85.0
0.028941553	116.9485	0.028909063	0.0013709606	85.0
0.029227968	92.536209	0.029190578	0.0014779508	85.0
0.029491968	73.194969	0.02945007	0.0015714949	85.0
0.02974592	57.900322	0.029701186	0.0016307089	85.0
0.030032905	45.809425	0.029983804	0.0017166653	85.0
0.030322334	36.240089	0.030270813	0.0017668563	85.0
0.030621646	28.680079	0.030568	0.0018117953	85.0
0.030940747	22.705643	0.030885169	0.0018536892	85.0
0.031253856	17.958227	0.031197488	0.001876217	85.0
0.03158645	14.204997	0.031532086	0.0018523709	85.0
0.031887352	11.24572	0.03183474	0.0018309776	85.0
0.032203224	8.8964586	0.032154392	0.0017727321	85.0
0.032499291	7.0361419	0.032456491	0.0016673817	85.0
0.032765146	5.5693088	0.032724384	0.0016338867	85.0
0.032967992	4.4051557	0.03293151	0.0015505002	85.0
0.033155035	3.487803	0.033124249	0.0014284479	85.0
0.033359807	2.759043	0.033331215	0.0013808551	85.0
0.033499032	2.1839514	0.033472825	0.0013248258	85.0
0.03367753	1.7276033	0.033652246	0.0013047045	85.0
0.033805534	1.3667158	0.033779617	0.0013234473	85.0
0.033926852	1.0803342	0.033900883	0.001327208	85.0
0.034155138	0.85448843	0.034129523	0.0013225027	85.0
0.034235761	0.67753714	0.034207266	0.0013964992	85.0
0.034429468	0.53551048	0.034397546	0.0014822206	85.0
0.034569271	0.42375177	0.034531265	0.0016205524	85.0
0.034751732	0.33527613	0.03470809	0.0017410731	85.0
0.034972817	0.26542693	0.034920596	0.0019105029	85.0
0.035194267	0.20954758	0.035129204	0.0021390414	85.0
0.035421439	0.16530976	0.035341952	0.0023716625	85.0
0.035790049	0.13038516	0.035694323	0.0026158583	85.0
0.036148336	0.10477379	0.036022127	0.00301802	85.0
0.036497153	0.081490725	0.036329966	0.0034893823	85.0
0.03688537	0.06519258	0.036689885	0.0037924806	85.0
0.037419423	0.051222742	0.037180774	0.00421939	85.0
0.037936874	0.041909516	0.037618686	0.0049031558	85.0
0.038661059	0.03259629	0.038264066	0.0055261906	85.0
0.039468385	0.025611371	0.038978454	0.0061994884	85.0
0.040545847	0.020954758	0.039936874	0.0070008403	85.0
0.041412942	0.016298145	0.040617075	0.0080799209	85.0
0.043926962	0.011641532	0.042821366	0.0097932909	85.0
0.045111243	0.0093132257	0.04368246	0.011263529	85.0
0.047604449	10001.0	0.029130686	-0.037650853	106.0
0.041150063	7913.0005	0.027987234	-0.030166911	106.0
0.036248948	6262.001	0.027251648	-0.023902593	106.0
0.03269342	4954.999	0.026778053	-0.018756213	106.0
0.030263802	3919.9995	0.0265384	-0.014546856	106.0
0.028721493	3102.0002	0.026467955	-0.011152197	106.0
0.027828492	2452.5471	0.026525928	-0.0084142815	106.0
0.027370684	1942.0007	0.026656328	-0.0062124487	106.0
0.027245196	1535.4645	0.026881533	-0.004436654	106.0
0.02731242	1215.9999	0.027141269	-0.003052843	106.0
0.027507611	962.03754	0.027438333	-0.0019510167	106.0
0.027760716	761.23975	0.027740629	-0.00105587	106.0
0.028095132	601.79736	0.028092904	-0.00035374076	106.0
0.028413225	476.52283	0.028412662	0.00017874733	106.0
0.028757416	376.86899	0.028750997	0.00060753454	106.0
0.029103721	298.10471	0.029088316	0.00094679405	106.0
0.029443545	236.05534	0.029419422	0.0011916085	106.0
0.029783083	186.69292	0.029750409	0.0013947161	106.0
0.030118978	147.6705	0.030079385	0.0015438142	106.0
0.030424578	116.9485	0.030378684	0.0016704678	106.0
0.030752279	92.536209	0.030701529	0.00176599	106.0
0.031055981	73.194969	0.031000242	0.001859852	106.0
0.031371653	57.900322	0.031312577	0.0019243401	106.0
0.031682346	45.809425	0.031619988	0.0019867779	106.0
0.032014273	36.240089	0.03194711	0.0020726209	106.0
0.032358572	28.680079	0.032287013	0.0021507936	106.0
0.032716047	22.705643	0.032641273	0.0022106371	106.0
0.033081479	17.958227	0.033006053	0.0022326638	106.0
0.033478811	14.204997	0.033403248	0.0022480804	106.0
0.03386173	11.24572	0.033786394	0.0022575329	106.0
0.034272522	8.8964586	0.03420227	0.002193284	106.0
0.03461634	7.0361419	0.034552447	0.0021022202	106.0
0.034949273	5.5693088	0.034892924	0.0019838468	106.0
0.035268754	4.4051557	0.035219248	0.0018680489	106.0
0.035536401	3.487803	0.035493542	0.0017448232	106.0
0.035697747	2.759043	0.035659961	0.0016420451	106.0
0.035923909	2.1839514	0.035889801	0.0015650596	106.0
0.036103275	1.7276033	0.03607358	0.001464025	106.0
0.036247853	1.3667158	0.03621915	0.0014422509	106.0
0.036443584	1.0803342	0.036414616	0.0014527715	106.0
0.036613591	0.85448843	0.036583018	0.0014959726	106.0
0.036724828	0.67753714	0.036695734	0.001461544	106.0
0.036946189	0.53551048	0.036912102	0.0015866734	106.0
0.037075721	0.42375177	0.037037782	0.0016768543	106.0
0.037325937	0.33527613	0.037279703	0.0018572694	106.0
0.037459224	0.26542693	0.037406545	0.0019859329	106.0
0.037731923	0.20954758	0.037670299	0.0021556146	106.0
0.038065091	0.16530976	0.037987117	0.0024351873	106.0
0.038305257	0.13038516	0.038204346	0.0027785981	106.0
0.038628653	0.10477379	0.038509283	0.0030344634	106.0
0.039058905	0.081490725	0.038912207	0.0033820395	106.0
0.039532904	0.06519258	0.039341468	0.0038857891	106.0
0.040085763	0.051222742	0.039827578	0.0045422972	106.0
0.040587973	0.041909516	0.040302884	0.0048021981	106.0
0.041417193	0.03259629	0.041050307	0.0055005443	106.0
0.042280942	0.025611371	0.041812986	0.0062731435	106.0
0.042772539	0.020954758	0.042216387	0.0068750889	106.0
0.044048257	0.016298145	0.043370336	0.0076982412	106.0
0.045100834	0.011641532	0.044192649	0.0090052811	106.0
0.046632729	0.0093132257	0.045565087	0.0099214017	106.0
0.047344312	10001.0	0.028371919	-0.037901428	106.0
0.040950645	7913.0005	0.027380036	-0.030451419	106.0
0.035924044	6262.001	0.026618864	-0.024124116	106.0
0.032261264	4954.999	0.026118483	-0.018937105	106.0
0.029770361	3919.9995	0.025878713	-0.014716202	106.0
0.028185926	3102.0002	0.025816556	-0.01131158	106.0
0.027223095	2452.5471	0.025843928	-0.0085550174	106.0
0.026761012	1942.0007	0.025989244	-0.0063805156	106.0
0.026584323	1535.4645	0.026178928	-0.0046249288	106.0
0.02660338	1215.9999	0.026404873	-0.0032438431	106.0
0.026780775	962.03754	0.026698051	-0.0021033287	106.0
0.026984459	761.23975	0.026956085	-0.0012371392	106.0
0.027279602	601.79736	0.027274417	-0.00053187995	106.0
0.027570011	476.52283	0.027570011	6.2182498e-06	106.0
0.027877137	376.86899	0.027874094	0.00041187162	106.0
0.028189043	298.10471	0.028178867	0.00075737567	106.0
0.028508145	236.05534	0.028490251	0.0010099218	106.0
0.028814577	186.69292	0.028789671	0.0011977569	106.0
0.029111907	147.6705	0.029080197	0.001358401	106.0
0.029399127	116.9485	0.029362012	0.0014768076	106.0
0.02969528	92.536209	0.029653154	0.0015811649	106.0
0.029957455	73.194969	0.029911792	0.0016534191	106.0
0.030241484	57.900322	0.030190201	0.001760407	106.0
0.030528136	45.809425	0.030472821	0.0018369302	106.0
0.030835429	36.240089	0.030775288	0.0019249168	106.0
0.031174798	28.680079	0.031109523	0.0020163241	106.0
0.031503879	22.705643	0.031436402	0.0020608266	106.0
0.031870116	17.958227	0.03179834	0.0021376857	106.0
0.032256804	14.204997	0.032183707	0.0021703637	106.0
0.032607149	11.24572	0.032536108	0.0021512287	106.0
0.032988891	8.8964586	0.032917667	0.0021665695	106.0
0.033333208	7.0361419	0.033269733	0.0020561232	106.0
0.033696942	5.5693088	0.033637792	0.0019957367	106.0
0.033974212	4.4051557	0.033922896	0.001866628	106.0
0.034236573	3.487803	0.034191325	0.0017595702	106.0
0.034446873	2.759043	0.034404747	0.0017030947	106.0
0.034644932	2.1839514	0.034609385	0.0015690357	106.0
0.034833554	1.7276033	0.034800988	0.0015058792	106.0
0.035010524	1.3667158	0.034979519	0.0014730839	106.0
0.035190601	1.0803342	0.035158053	0.0015132067	106.0
0.035343375	0.85448843	0.035310663	0.0015203065	106.0
0.035512436	0.67753714	0.035479363	0.0015323135	106.0
0.035697073	0.53551048	0.035659611	0.0016349315	106.0
0.035880048	0.42375177	0.035835717	0.0017830029	106.0
0.036024258	0.33527613	0.035974003	0.0019021363	106.0
0.036296293	0.26542693	0.036237199	0.0020703187	106.0
0.036564797	0.20954758	0.036491223	0.0023184062	106.0
0.036778387	0.16530976	0.036688447	0.0025704976	106.0
0.037158389	0.13038516	0.037051633	0.0028146405	106.0
0.037522852	0.10477379	0.037385955	0.0032023045	106.0
0.037973307	0.081490725	0.037791584	0.003710544	106.0
0.038352281	0.06519258	0.038133062	0.0040947455	106.0
0.038938977	0.051222742	0.038670242	0.004566872	106.0
0.039529771	0.041909516	0.039177455	0.0052659148	106.0
0.040254518	0.03259629	0.039818492	0.0059088003	106.0
0.041164219	0.025611371	0.040630862	0.0066049933	106.0
0.042241856	0.020954758	0.041603513	0.0073158736	106.0
0.043281876	0.016298145	0.042427413	0.0085577592	106.0
0.045894686	0.011641532	0.044773422	0.010082793	106.0
0.04727228	0.0093132257	0.045798749	0.011710809	106.0
0.047732268	10001.0	0.029471586	-0.037547238	127.0
0.041441839	7913.0005	0.028427258	-0.030154884	127.0
0.03653105	6262.001	0.02766829	-0.023853373	127.0
0.033036634	4954.999	0.02721807	-0.018724207	127.0
0.030628694	3919.9995	0.026961146	-0.014533187	127.0
0.029100863	3102.0002	0.026887314	-0.011132501	127.0
0.02821123	2452.5471	0.026942138	-0.0083662868	127.0
0.02781268	1942.0007	0.027115606	-0.0061878203	127.0
0.027681809	1535.4645	0.027324857	-0.0044311127	127.0
0.027754262	1215.9999	0.027589401	-0.0030205906	127.0
0.02794067	962.03754	0.027875187	-0.0019118092	127.0
0.028212642	761.23975	0.028193982	-0.0010259191	127.0
0.028539177	601.79736	0.02853721	-0.00033499376	127.0
0.028876007	476.52283	0.028875271	0.0002060433	127.0
0.029240856	376.86899	0.029234165	0.0006255089	127.0
0.029555278	298.10471	0.029539214	0.00097428774	127.0
0.02990987	236.05534	0.029884268	0.0012372849	127.0
0.030281294	186.69292	0.030247442	0.0014314173	127.0
0.030573884	147.6705	0.030532587	0.0015885582	127.0
0.030925501	116.9485	0.03087849	0.001704562	127.0
0.031221362	92.536209	0.031168895	0.0018092684	127.0
0.031546865	73.194969	0.031488873	0.0019119547	127.0
0.031883027	57.900322	0.031820729	0.0019921318	127.0
0.032160293	45.809425	0.032092817	0.0020822261	127.0
0.03250213	36.240089	0.032428678	0.0021838625	127.0
0.032852255	28.680079	0.032773849	0.0022683674	127.0
0.033244606	22.705643	0.033159696	0.0023745319	127.0
0.033643946	17.958227	0.033555917	0.0024321612	127.0
0.034096163	14.204997	0.034006204	0.0024751453	127.0
0.034496762	11.24572	0.034406643	0.0024918681	127.0
0.034954071	8.8964586	0.034866679	0.0024701736	127.0
0.035392895	7.0361419	0.035313308	0.0023721918	127.0
0.035782486	5.5693088	0.035709001	0.002292071	127.0
0.036117993	4.4051557	0.036054701	0.0021372733	127.0
0.036408573	3.487803	0.036352396	0.0020217674	127.0
0.036710083	2.759043	0.036662027	0.0018777355	127.0
0.036941934	2.1839514	0.036899868	0.0017624536	127.0
0.037139572	1.7276033	0.037102062	0.0016688	127.0
0.037315879	1.3667158	0.037281986	0.0015900971	127.0
0.037470981	1.0803342	0.03743754	0.0015827776	127.0
0.037634827	0.85448843	0.037602063	0.0015700429	127.0
0.037847303	0.67753714	0.037811227	0.0016521221	127.0
0.037991296	0.53551048	0.037952952	0.0017064825	127.0
0.038199514	0.42375177	0.038158335	0.0017732707	127.0
0.038401134	0.33527613	0.03835351	0.0019118938	127.0
0.038632128	0.26542693	0.038575381	0.0020931787	127.0
0.038848188	0.20954758	0.038779106	0.0023157359	127.0
0.039076012	0.16530976	0.038993448	0.0025388428	127.0
0.039484248	0.13038516	0.039386299	0.0027794379	127.0
0.039822746	0.10477379	0.03969311	0.003210617	127.0
0.040237635	0.081490725	0.0400692	0.0036778448	127.0
0.040632393	0.06519258	0.040429119	0.004059284	127.0
0.041262459	0.051222742	0.041011713	0.0045420146	127.0
0.041825011	0.041909516	0.041492157	0.00526617	127.0
0.042553302	0.03259629	0.042146567	0.00586945	127.0
0.043416992	0.025611371	0.042920157	0.006549438	127.0
0.044539075	0.020954758	0.043940283	0.0072787767	127.0
0.045498811	0.016298145	0.044743553	0.0082556866	127.0
0.048105333	0.011641532	0.047105838	0.0097551625	127.0
0.049359258	0.0093132257	0.048092533	0.011110562	127.0
0.047638055	10001.0	0.028873101	-0.037891004	127.0
0.041156877	7913.0005	0.027845722	-0.030306837	127.0
0.036221351	6262.001	0.027100045	-0.024032766	127.0
0.032675777	4954.999	0.026634209	-0.018929483	127.0
0.03020967	3919.9995	0.026374534	-0.014731195	127.0
0.028606441	3102.0002	0.026265716	-0.011333164	127.0
0.027684061	2452.5471	0.026311142	-0.0086099375	127.0
0.027179286	1942.0007	0.026412748	-0.006409395	127.0
0.027007693	1535.4645	0.026605373	-0.0046443134	127.0
0.027039176	1215.9999	0.026845129	-0.003233585	127.0
0.027176291	962.03754	0.027092293	-0.0021350484	127.0
0.027407389	761.23975	0.02737724	-0.0012851859	127.0
0.027697487	601.79736	0.027691813	-0.00056061358	127.0
0.027977714	476.52283	0.02797767	-4.9496059e-05	127.0
0.028287875	376.86899	0.028285172	0.00039097466	127.0
0.028596038	298.10471	0.028586907	0.00072261272	127.0
0.028894661	236.05534	0.028878015	0.0009806559	127.0
0.02918965	186.69292	0.029165309	0.00119182	127.0
0.029490624	147.6705	0.029459521	0.0013540746	127.0
0.029789554	116.9485	0.029753389	0.0014674258	127.0
0.030070346	92.536209	0.030028516	0.0015855358	127.0
0.030331872	73.194969	0.030285915	0.001669092	127.0
0.030583877	57.900322	0.03053272	0.0017682106	127.0
0.030894618	45.809425	0.030838216	0.0018659909	127.0
0.031210802	36.240089	0.031147307	0.0019898543	127.0
0.0315178	28.680079	0.031448267	0.0020923931	127.0
0.031886216	22.705643	0.031812571	0.0021659178	127.0
0.032254636	17.958227	0.032176487	0.0022439349	127.0
0.032667048	14.204997	0.032586448	0.0022933516	127.0
0.033065468	11.24572	0.03298359	0.0023255053	127.0
0.033470571	8.8964586	0.033393305	0.0022729342	127.0
0.033869352	7.0361419	0.03379501	0.0022428113	127.0
0.034231208	5.5693088	0.034163237	0.0021561119	127.0
0.034559444	4.4051557	0.034499217	0.0020393797	127.0
0.034849729	3.487803	0.034795057	0.0019513462	127.0
0.035106942	2.759043	0.035060752	0.0018002524	127.0
0.035356279	2.1839514	0.035316166	0.0016837518	127.0
0.035504147	1.7276033	0.035464104	0.00168575	127.0
0.035691734	1.3667158	0.035654668	0.0016262087	127.0
0.035842814	1.0803342	0.035805952	0.0016251733	127.0
0.036072593	0.85448843	0.036038239	0.0015739624	127.0
0.036218744	0.67753714	0.036181264	0.0016473166	127.0
0.036383033	0.53551048	0.0363416	0.0017358627	127.0
0.036624175	0.42375177	0.03658003	0.0017976786	127.0
0.036807187	0.33527613	0.03675304	0.0019957789	127.0
0.037097856	0.26542693	0.037036359	0.0021351746	127.0
0.037376612	0.20954758	0.037300188	0.0023889414	127.0
0.037637096	0.16530976	0.037540477	0.0026951195	127.0
0.037935674	0.13038516	0.03781388	0.0030374175	127.0
0.038289711	0.10477379	0.038148925	0.003280459	127.0
0.038833987	0.081490725	0.038652692	0.0037480681	127.0
0.039261058	0.06519258	0.039026245	0.0042875293	127.0
0.039825935	0.051222742	0.039523017	0.004902679	127.0
0.040550616	0.041909516	0.040199894	0.0053217309	127.0
0.041436281	0.03259629	0.040975712	0.0061608795	127.0
0.042335428	0.025611371	0.04174304	0.0070574083	127.0
0.042908885	0.020954758	0.042242393	0.0075334422	127.0
0.04434552	0.016298145	0.043497611	0.0086303623	127.0
0.045621488	0.011641532	0.044598188	0.0096084289	127.0
0.047369648	0.0093132257	0.046112433	0.010840987	127.0
0.047974654	10001.0	0.029464573	-0.037860353	148.0
0.04154481	7913.0005	0.028596789	-0.030136272	148.0
0.036726739	6262.001	0.02794032	-0.023836777	148.0
0.033298992	4954.999	0.027566351	-0.018679377	148.0
0.030944776	3919.9995	0.027362138	-0.014453115	148.0
0.029480221	3102.0002	0.027342025	-0.01102257	148.0
0.028641434	2452.5471	0.027419453	-0.0082767969	148.0
0.028254112	1942.0007	0.027589204	-0.0060934979	148.0
0.028188892	1535.4645	0.027856126	-0.0043185484	148.0
0.028288288	1215.9999	0.028135562	-0.0029355336	148.0
0.028506363	962.03754	0.028449113	-0.001805758	148.0
0.028798725	761.23975	0.028783631	-0.00093232049	148.0
0.029139092	601.79736	0.029138181	-0.000230473	148.0
0.029492604	476.52283	0.029490834	0.00032315112	148.0
0.029848495	376.86899	0.029839093	0.00074917258	148.0
0.03021987	298.10471	0.030200697	0.0010763078	148.0
0.030590069	236.05534	0.030561708	0.0013169176	148.0
0.030937904	186.69292	0.030900095	0.0015290694	148.0
0.031265128	147.6705	0.031219218	0.0016937281	148.0
0.031618092	116.9485	0.031565428	0.0018241206	148.0
0.031933546	92.536209	0.031875279	0.0019282048	148.0
0.032273252	73.194969	0.032208275	0.0020468952	148.0
0.032598723	57.900322	0.032528579	0.0021373201	148.0
0.032928366	45.809425	0.032852259	0.0022374846	148.0
0.033287641	36.240089	0.033202976	0.0023726581	148.0
0.033656526	28.680079	0.033564311	0.0024897449	148.0
0.034073826	22.705643	0.033973169	0.0026171489	148.0
0.03450514	17.958227	0.034396935	0.0027304767	148.0
0.034991913	14.204997	0.034876607	0.0028383366	148.0
0.035502233	11.24572	0.035382044	0.0029188341	148.0
0.036024027	8.8964586	0.035907775	0.0028917589	148.0
0.036553159	7.0361419	0.036442112	0.0028470859	148.0
0.037077807	5.5693088	0.036973312	0.0027816952	148.0
0.037470434	4.4051557	0.037376683	0.002648938	148.0
0.037866578	3.487803	0.037783477	0.0025072661	148.0
0.038237106	2.759043	0.038166258	0.0023266035	148.0
0.038573779	2.1839514	0.038510885	0.0022018412	148.0
0.038789652	1.7276033	0.038736135	0.0020368793	148.0
0.039029803	1.3667158	0.038983528	0.0018999947	148.0
0.039256528	1.0803342	0.039211281	0.0018842339	148.0
0.039479867	0.85448843	0.039437134	0.0018364298	148.0
0.03965934	0.67753714	0.03961838	0.0018019993	148.0
0.039830465	0.53551048	0.039786734	0.0018659331	148.0
0.040044475	0.42375177	0.039997362	0.0019419441	148.0
0.040229157	0.33527613	0.040177714	0.0020338309	148.0
0.040479574	0.26542693	0.040422812	0.0021429569	148.0
0.040730957	0.20954758	0.040661979	0.0023694413	148.0
0.040970869	0.16530976	0.04088515	0.0026488733	148.0
0.041258801	0.13038516	0.041159585	0.0028595668	148.0
0.041669119	0.10477379	0.041538958	0.0032909825	148.0
0.042149223	0.081490725	0.041984361	0.0037243115	148.0
0.042523772	0.06519258	0.042321797	0.0041396539	148.0
0.043059785	0.051222742	0.042811126	0.004620885	148.0
0.043804947	0.041909516	0.043489724	0.0052456772	148.0
0.044564787	0.03259629	0.04416522	0.0059543056	148.0
0.045409795	0.025611371	0.044918895	0.0066589979	148.0
0.046432968	0.020954758	0.045877729	0.007159227	148.0
0.047686175	0.016298145	0.046949141	0.0083516147	148.0
0.049878389	0.011641532	0.049033511	0.0091415793	148.0
0.051471312	0.0093132257	0.050400123	0.010446222	148.0
0.048043836	10001.0	0.029502803	-0.037918262	148.0
0.041469526	7913.0005	0.02837971	-0.030237619	148.0
0.036562108	6262.001	0.027613029	-0.023964731	148.0
0.033017464	4954.999	0.027128635	-0.018819937	148.0
0.030594671	3919.9995	0.02686036	-0.014647693	148.0
0.029052952	3102.0002	0.026785076	-0.011253167	148.0
0.028124435	2452.5471	0.026802583	-0.0085208789	148.0
0.027682576	1942.0007	0.026953544	-0.0063112178	148.0
0.027526854	1535.4645	0.027147098	-0.0045566205	148.0
0.027584756	1215.9999	0.027406119	-0.0031342376	148.0
0.027761048	962.03754	0.027686361	-0.0020349841	148.0
0.027999396	761.23975	0.027974913	-0.0011706381	148.0
0.028306175	601.79736	0.028301941	-0.00048953772	148.0
0.028615488	476.52283	0.028615328	9.5969721e-05	148.0
0.028917534	376.86899	0.02891315	0.00050355063	148.0
0.029260462	298.10471	0.029247867	0.00085847115	148.0
0.029565401	236.05534	0.029544564	0.0011098011	148.0
0.029901043	186.69292	0.029872116	0.0013149186	148.0
0.030189676	147.6705	0.030153548	0.0014764968	148.0
0.030502196	116.9485	0.03045924	0.0016182172	148.0
0.03081101	92.536209	0.030762281	0.0017321681	148.0
0.031083632	73.194969	0.031029822	0.0018282139	148.0
0.031389229	57.900322	0.031329166	0.0019408943	148.0
0.031690869	45.809425	0.031624302	0.0020529835	148.0
0.032013755	36.240089	0.031939674	0.0021766294	148.0
0.032375202	28.680079	0.03229171	0.0023236067	148.0
0.032757048	22.705643	0.032666549	0.0024332416	148.0
0.033179913	17.958227	0.033079103	0.0025844655	148.0
0.033647351	14.204997	0.033541989	0.0026606706	148.0
0.034107298	11.24572	0.033994462	0.0027720323	148.0
0.034644194	8.8964586	0.034534048	0.0027603798	148.0
0.035107162	7.0361419	0.03499965	0.002745413	148.0
0.035563651	5.5693088	0.035464931	0.0026479962	148.0
0.036017973	4.4051557	0.035927106	0.0025568255	148.0
0.036389593	3.487803	0.036311757	0.0023788263	148.0
0.036682792	2.759043	0.036611743	0.0022820006	148.0
0.036992088	2.1839514	0.036932763	0.0020942052	148.0
0.037265539	1.7276033	0.03721128	0.0020102286	148.0
0.037454303	1.3667158	0.037404079	0.0019389917	148.0
0.037684113	1.0803342	0.037634999	0.0019233583	148.0
0.037902493	0.85448843	0.037854899	0.0018988145	148.0
0.038099758	0.67753714	0.038050815	0.0019305472	148.0
0.038344238	0.53551048	0.038293734	0.0019673319	148.0
0.038559359	0.42375177	0.038503867	0.002067911	148.0
0.038793646	0.33527613	0.038730223	0.002217388	148.0
0.039026137	0.26542693	0.038950335	0.0024311927	148.0
0.039334156	0.20954758	0.039246108	0.0026303728	148.0
0.039703723	0.16530976	0.039593365	0.00295823	148.0
0.040006548	0.13038516	0.039863899	0.0033753952	148.0
0.040356193	0.10477379	0.040189233	0.0036671457	148.0
0.040892586	0.081490725	0.040688649	0.0040788972	148.0
0.041481365	0.06519258	0.041211966	0.0047198809	148.0
0.042146549	0.051222742	0.041798595	0.0054045459	148.0
0.042703547	0.041909516	0.042313632	0.005757547	148.0
0.04375219	0.03259629	0.043240365	0.0066726943	148.0
0.04483353	0.025611371	0.044177044	0.0076442296	148.0
0.045344111	0.020954758	0.04454289	0.0084864134	148.0
0.046785906	0.016298145	0.045831736	0.0094006974	148.0
0.048016965	0.011641532	0.046693843	0.011194378	148.0
0.049634121	0.0093132257	0.048088375	0.012290404	148.0
