0.046757136	10001.0	0.027682064	-0.037682001	1.0
0.040164314	7913.0005	0.026385767	-0.030281404	1.0
0.035099261	6262.001	0.025550753	-0.024064852	1.0
0.031392738	4954.999	0.025002571	-0.018983558	1.0
0.028804686	3919.9995	0.02469351	-0.014830391	1.0
0.027123148	3102.0002	0.024576934	-0.011473425	1.0
0.026085023	2452.5471	0.024566367	-0.0087705199	1.0
0.025511693	1942.0007	0.024640875	-0.006608617	1.0
0.025256651	1535.4645	0.024780286	-0.0048821876	1.0
0.025211129	1215.9999	0.024963371	-0.0035257856	1.0
0.025301451	962.03754	0.025183778	-0.002437368	1.0
0.025472939	761.23975	0.025424052	-0.0015774084	1.0
0.025691085	601.79736	0.025674803	-0.00091447582	1.0
0.025943585	476.52283	0.025940647	-0.00039043761	1.0
0.026200177	376.86899	0.026200177	3.7018965e-06	1.0
0.026452562	298.10471	0.026451096	0.00027841722	1.0
0.026693715	236.05534	0.026689367	0.00048176787	1.0
0.026944164	186.69292	0.026936881	0.00062643067	1.0
0.027169762	147.6705	0.027160147	0.00072277948	1.0
0.027383585	116.9485	0.027372964	0.00076259137	1.0
0.027561611	92.536209	0.027550535	0.00078124058	1.0
0.027729716	73.194969	0.027719293	0.00076026138	1.0
0.027872942	57.900322	0.027863054	0.00074237923	1.0
0.027996907	45.809425	0.027988262	0.00069568522	1.0
0.028120186	36.240089	0.028112402	0.0006616289	1.0
0.028212925	28.680079	0.028205812	0.00063352281	1.0
0.028297119	22.705643	0.028290994	0.00058871793	1.0
0.028372964	17.958227	0.028367128	0.00057541166	1.0
0.02844548	14.204997	0.028440405	0.00053733768	1.0
0.02848893	11.24572	0.028483946	0.00053290901	1.0
0.02856314	8.8964586	0.028558258	0.0005280521	1.0
0.028650125	7.0361419	0.028645411	0.00051967165	1.0
0.028709043	5.5693088	0.028703658	0.00055604795	1.0
0.028759768	4.4051557	0.028754648	0.00054270908	1.0
0.028827962	3.487803	0.028822258	0.00057341164	1.0
0.028894426	2.759043	0.028887784	0.00061947742	1.0
0.028978687	2.1839514	0.028971445	0.00064778246	1.0
0.029045066	1.7276033	0.029036945	0.00068677706	1.0
0.02916641	1.3667158	0.029156316	0.00076724571	1.0
0.029201483	1.0803342	0.029189583	0.00083360606	1.0
0.029372727	0.85448843	0.029358594	0.00091110746	1.0
0.029472932	0.67753714	0.029455077	0.0010257756	1.0
0.02956187	0.53551048	0.029540367	0.0011273096	1.0
0.029702054	0.42375177	0.029676583	0.0012298343	1.0
0.029887078	0.33527613	0.029855179	0.0013804958	1.0
0.030030804	0.26542693	0.029989662	0.0015714143	1.0
0.030203233	0.20954758	0.030150758	0.0017796042	1.0
0.030474357	0.16530976	0.030410057	0.0019786174	1.0
0.030737763	0.13038516	0.030651864	0.0022963714	1.0
0.030970464	0.10477379	0.030867204	0.002526911	1.0
0.031300459	0.081490725	0.031171614	0.0028371147	1.0
0.031763542	0.06519258	0.031600557	0.0032136308	1.0
0.032275125	0.051222742	0.03205822	0.0037355372	1.0
0.032519907	0.041909516	0.032262098	0.0040867166	1.0
0.033146515	0.03259629	0.032811385	0.0047015334	1.0
0.033885721	0.025611371	0.033448476	0.0054260022	1.0
0.034298398	0.020954758	0.033720952	0.0062671774	1.0
0.035263453	0.016298145	0.034558382	0.0070163566	1.0
0.036462676	0.011641532	0.035368972	0.0088635497	1.0
0.037605882	0.0093132257	0.036289226	0.0098637883	1.0
0.046041854	10001.0	0.026605051	-0.037576903	1.0
0.039724391	7913.0005	0.025720926	-0.030273112	1.0
0.034680352	6262.001	0.024943888	-0.024094174	1.0
0.030952578	4954.999	0.024420995	-0.01901781	1.0
0.028344246	3919.9995	0.024108099	-0.014906233	1.0
0.026611125	3102.0002	0.023959905	-0.011579074	1.0
0.025536137	2452.5471	0.023945699	-0.0088711772	1.0
0.024911707	1942.0007	0.023983242	-0.0067377524	1.0
0.024636872	1535.4645	0.024123127	-0.0050050179	1.0
0.02456403	1215.9999	0.024291554	-0.003648557	1.0
0.024632419	962.03754	0.02449804	-0.0025694447	1.0
0.024766477	761.23975	0.024706373	-0.0017243874	1.0
0.024965454	601.79736	0.024942631	-0.0010672514	1.0
0.025173882	476.52283	0.025167923	-0.0005477161	1.0
0.025399005	376.86899	0.025398413	-0.00017354594	1.0
0.025639638	298.10471	0.025639331	0.00012567711	1.0
0.025857545	236.05534	0.025855267	0.0003432064	1.0
0.026073135	186.69292	0.026068712	0.00048023331	1.0
0.026267407	147.6705	0.026261276	0.00056757743	1.0
0.026464872	116.9485	0.026457725	0.00061498751	1.0
0.02660477	92.536209	0.026597293	0.00063066423	1.0
0.026749656	73.194969	0.026742253	0.00062921166	1.0
0.026862456	57.900322	0.026855236	0.00062271859	1.0
0.0269859	45.809425	0.026979435	0.00059064641	1.0
0.027080856	36.240089	0.02707498	0.00056409638	1.0
0.027172368	28.680079	0.027167061	0.00053697563	1.0
0.027243584	22.705643	0.027238639	0.00051904825	1.0
0.027326221	17.958227	0.027321775	0.00049295661	1.0
0.027384948	14.204997	0.027380453	0.00049613399	1.0
0.027450249	11.24572	0.02744611	0.00047665552	1.0
0.027504496	8.8964586	0.027500806	0.00045053169	1.0
0.027560832	7.0361419	0.02755693	0.00046372417	1.0
0.0275914	5.5693088	0.027587043	0.000490334	1.0
0.02764101	4.4051557	0.027637098	0.00046504312	1.0
0.027730605	3.487803	0.027725454	0.00053438038	1.0
0.027774883	2.759043	0.027769798	0.0005314399	1.0
0.027849805	2.1839514	0.027843811	0.0005777491	1.0
0.027945619	1.7276033	0.027939139	0.00060179678	1.0
0.028010614	1.3667158	0.028003585	0.0006274819	1.0
0.028060798	1.0803342	0.028051443	0.00072448241	1.0
0.028143575	0.85448843	0.028133363	0.00075814954	1.0
0.028198393	0.67753714	0.028186673	0.00081291405	1.0
0.028354531	0.53551048	0.028338837	0.00094327587	1.0
0.028468652	0.42375177	0.028449211	0.0010518903	1.0
0.02859812	0.33527613	0.028574616	0.001159237	1.0
0.028742701	0.26542693	0.028712891	0.0013087239	1.0
0.028892472	0.20954758	0.028854053	0.0014894886	1.0
0.029091155	0.16530976	0.029046854	0.0016048669	1.0
0.029327886	0.13038516	0.029268933	0.001858618	1.0
0.029474523	0.10477379	0.029398896	0.0021100754	1.0
0.029742453	0.081490725	0.029644972	0.0024060775	1.0
0.030064039	0.06519258	0.029944412	0.0026792914	1.0
0.030468725	0.051222742	0.030312251	0.0030839306	1.0
0.030664267	0.041909516	0.030466225	0.0034794258	1.0
0.031198448	0.03259629	0.030944509	0.003972461	1.0
0.031780552	0.025611371	0.03145865	0.0045118663	1.0
0.032376081	0.020954758	0.031927388	0.0053714495	1.0
0.03300263	0.016298145	0.032441705	0.0060588126	1.0
0.034469906	0.011641532	0.033541031	0.0079481862	1.0
0.035239559	0.0093132257	0.034109943	0.0088508939	1.0
0.046763342	10001.0	0.028036749	-0.037426606	22.0
0.040244482	7913.0005	0.026941447	-0.029896101	22.0
0.035385355	6262.001	0.026164949	-0.023822652	22.0
0.031769078	4954.999	0.025650185	-0.01874413	22.0
0.029260755	3919.9995	0.025348248	-0.014617047	22.0
0.027627705	3102.0002	0.025230199	-0.011257315	22.0
0.026636589	2452.5471	0.025227631	-0.0085483659	22.0
0.026137222	1942.0007	0.02534684	-0.0063790367	22.0
0.025927864	1535.4645	0.025511941	-0.0046254769	22.0
0.025935229	1215.9999	0.025732782	-0.0032341979	22.0
0.026089204	962.03754	0.026002653	-0.0021233447	22.0
0.026315926	761.23975	0.026285701	-0.001260903	22.0
0.026589245	601.79736	0.026583374	-0.00055871252	22.0
0.026888022	476.52283	0.026887987	-4.3130523e-05	22.0
0.027196486	376.86899	0.027193794	0.00038263231	22.0
0.027519148	298.10471	0.027510395	0.00069399312	22.0
0.027845878	236.05534	0.027830191	0.00093457551	22.0
0.028142113	186.69292	0.028120827	0.0010943756	22.0
0.028440442	147.6705	0.028413922	0.0012279368	22.0
0.028738212	116.9485	0.028708987	0.0012957302	22.0
0.029013831	92.536209	0.028982623	0.0013453722	22.0
0.029291006	73.194969	0.029259246	0.0013636363	22.0
0.029530579	57.900322	0.0295009	0.0013236313	22.0
0.029778795	45.809425	0.029749531	0.0013198594	22.0
0.029988833	36.240089	0.029962536	0.0012555942	22.0
0.030185953	28.680079	0.030162338	0.0011937682	22.0
0.030392164	22.705643	0.030371543	0.0011193639	22.0
0.030526156	17.958227	0.030507425	0.0010692219	22.0
0.030674411	14.204997	0.030657977	0.0010039472	22.0
0.030798165	11.24572	0.030783914	0.00093683682	22.0
0.030925684	8.8964586	0.0309131	0.00088214042	22.0
0.031035267	7.0361419	0.031023592	0.00085117389	22.0
0.031145321	5.5693088	0.031134576	0.00081806851	22.0
0.03125155	4.4051557	0.031242376	0.00075718522	22.0
0.031301271	3.487803	0.031292416	0.00074454694	22.0
0.031386986	2.759043	0.031377397	0.0007757385	22.0
0.031523041	2.1839514	0.031512886	0.00080010178	22.0
0.031581085	1.7276033	0.031570382	0.00082213752	22.0
0.031668656	1.3667158	0.031656176	0.00088900857	22.0
0.031771377	1.0803342	0.031757958	0.00092334714	22.0
0.031911384	0.85448843	0.031896327	0.00098020141	22.0
0.031965956	0.67753714	0.031947639	0.0010820036	22.0
0.032129128	0.53551048	0.032106653	0.0012015026	22.0
0.032276522	0.42375177	0.032248683	0.0013402667	22.0
0.03242543	0.33527613	0.032391384	0.0014855241	22.0
0.032624487	0.26542693	0.032581545	0.0016733427	22.0
0.032805279	0.20954758	0.032751329	0.0018806194	22.0
0.033014435	0.16530976	0.032949407	0.0020711031	22.0
0.033383291	0.13038516	0.033302762	0.0023173532	22.0
0.033637229	0.10477379	0.033531237	0.0026682264	22.0
0.033988863	0.081490725	0.033846457	0.0031081054	22.0
0.034323536	0.06519258	0.034154601	0.0034012292	22.0
0.034846641	0.051222742	0.034633074	0.0038520938	22.0
0.03524505	0.041909516	0.03495957	0.0044768252	22.0
0.035887606	0.03259629	0.035535097	0.0050176745	22.0
0.036586266	0.025611371	0.036149707	0.0056350417	22.0
0.037518438	0.020954758	0.036959898	0.0064497385	22.0
0.038318008	0.016298145	0.037587844	0.0074447216	22.0
0.040660568	0.011641532	0.039583914	0.0092949197	22.0
0.04176956	0.0093132257	0.040365111	0.010740293	22.0
0.046622582	10001.0	0.027362864	-0.037748359	22.0
0.040042229	7913.0005	0.026321897	-0.03017512	22.0
0.035052322	6262.001	0.025549907	-0.02399724	22.0
0.031395186	4954.999	0.025038896	-0.018939678	22.0
0.028827796	3919.9995	0.024742391	-0.014793778	22.0
0.027132073	3102.0002	0.024601975	-0.011440812	22.0
0.026102431	2452.5471	0.024600029	-0.0087278541	22.0
0.02553783	1942.0007	0.024678867	-0.0065676682	22.0
0.025297424	1535.4645	0.024833685	-0.0048215939	22.0
0.025261445	1215.9999	0.025024993	-0.003448236	22.0
0.025356919	962.03754	0.025248481	-0.002342544	22.0
0.025552679	761.23975	0.025509348	-0.0014874772	22.0
0.025772396	601.79736	0.025760325	-0.00078873063	22.0
0.026049977	476.52283	0.026048517	-0.00027589404	22.0
0.026315419	376.86899	0.026315009	0.00014670147	22.0
0.026596278	298.10471	0.02659262	0.00044111215	22.0
0.026873916	236.05534	0.026865831	0.0006591765	22.0
0.027136976	186.69292	0.02712393	0.00084136095	22.0
0.02740103	147.6705	0.027384177	0.00096088945	22.0
0.027655434	116.9485	0.027636381	0.0010264037	22.0
0.027877469	92.536209	0.027856788	0.0010735909	22.0
0.028096894	73.194969	0.028075842	0.0010874211	22.0
0.028301328	57.900322	0.028280551	0.0010842568	22.0
0.028486909	45.809425	0.028467637	0.001047704	22.0
0.028679691	36.240089	0.028661504	0.0010212275	22.0
0.028851345	28.680079	0.028834784	0.00097740989	22.0
0.029003967	22.705643	0.028988877	0.00093543489	22.0
0.029145563	17.958227	0.029132176	0.0008832817	22.0
0.029248359	14.204997	0.029236371	0.00083735643	22.0
0.029383751	11.24572	0.029373057	0.00079266814	22.0
0.029477451	8.8964586	0.029468073	0.00074352976	22.0
0.029565576	7.0361419	0.029556982	0.00071283331	22.0
0.029637631	5.5693088	0.029629041	0.00071352156	22.0
0.029707989	4.4051557	0.029700425	0.00067031558	22.0
0.029848842	3.487803	0.029841408	0.00066614954	22.0
0.029872835	2.759043	0.029865498	0.00066205044	22.0
0.029996855	2.1839514	0.029989274	0.00067436247	22.0
0.030071942	1.7276033	0.030061815	0.00078040967	22.0
0.030104889	1.3667158	0.030095693	0.00074407528	22.0
0.030219235	1.0803342	0.030208537	0.00080397911	22.0
0.030318089	0.85448843	0.030305091	0.00088768278	22.0
0.030420735	0.67753714	0.030405581	0.00096011854	22.0
0.030537894	0.53551048	0.030520082	0.001042863	22.0
0.030630669	0.42375177	0.03060998	0.0011255866	22.0
0.030796405	0.33527613	0.030770427	0.0012646761	22.0
0.030949311	0.26542693	0.030916378	0.0014274112	22.0
0.031110518	0.20954758	0.031070927	0.0015689951	22.0
0.031325493	0.16530976	0.031275809	0.0017635786	22.0
0.031576473	0.13038516	0.031511951	0.0020175432	22.0
0.031742167	0.10477379	0.031661913	0.0022557634	22.0
0.032016568	0.081490725	0.031914312	0.0025568018	22.0
0.032401271	0.06519258	0.032272849	0.002881946	22.0
0.032851953	0.051222742	0.032681394	0.0033432606	22.0
0.033102524	0.041909516	0.032893531	0.0037138576	22.0
0.033693038	0.03259629	0.033424385	0.0042463257	22.0
0.034311898	0.025611371	0.033964727	0.0048686443	22.0
0.0348018	0.020954758	0.034332339	0.0056969915	22.0
0.035573151	0.016298145	0.03499712	0.006375791	22.0
0.036752094	0.011641532	0.035810709	0.0082649644	22.0
0.037706275	0.0093132257	0.036580373	0.009145462	22.0
0.046776857	10001.0	0.028195012	-0.037324466	43.0
0.040434759	7913.0005	0.027192777	-0.029925285	43.0
0.035551589	6262.001	0.026429761	-0.023777787	43.0
0.031992648	4954.999	0.025934296	-0.018733442	43.0
0.029506776	3919.9995	0.025656018	-0.014574585	43.0
0.027908901	3102.0002	0.02554433	-0.011242503	43.0
0.026942749	2452.5471	0.025561662	-0.0085154613	43.0
0.026460422	1942.0007	0.025685336	-0.0063574719	43.0
0.026261708	1535.4645	0.025854163	-0.0046086404	43.0
0.02628994	1215.9999	0.026091043	-0.0032277552	43.0
0.026431492	962.03754	0.026346857	-0.0021135095	43.0
0.026659541	761.23975	0.026630137	-0.0012517535	43.0
0.026928475	601.79736	0.026922496	-0.00056746945	43.0
0.027225083	476.52283	0.02722507	-2.6397131e-05	43.0
0.027522549	376.86899	0.02752002	0.00037318934	43.0
0.027846631	298.10471	0.027837941	0.00069558981	43.0
0.028158307	236.05534	0.028142802	0.00093432917	43.0
0.028463656	186.69292	0.028441912	0.0011123588	43.0
0.028759589	147.6705	0.028732395	0.0012504098	43.0
0.02905231	116.9485	0.029021217	0.0013437556	43.0
0.029342275	92.536209	0.029308897	0.0013991731	43.0
0.029601296	73.194969	0.029566437	0.001436161	43.0
0.02987705	57.900322	0.02984206	0.0014455217	43.0
0.030145003	45.809425	0.030109204	0.001468683	43.0
0.030392352	36.240089	0.0303583	0.0014383172	43.0
0.030621696	28.680079	0.030589569	0.0014023363	43.0
0.030851867	22.705643	0.030823138	0.0013311263	43.0
0.031078605	17.958227	0.031051541	0.0012967122	43.0
0.031271338	14.204997	0.031247152	0.0012296519	43.0
0.031443365	11.24572	0.031422801	0.0011370156	43.0
0.03158756	8.8964586	0.031569455	0.0010693382	43.0
0.031733636	7.0361419	0.031717043	0.0010260445	43.0
0.031865343	5.5693088	0.031850558	0.00097058882	43.0
0.031986747	4.4051557	0.03197366	0.00091494707	43.0
0.032101311	3.487803	0.032088898	0.00089261401	43.0
0.032138526	2.759043	0.032126945	0.00086279609	43.0
0.032264892	2.1839514	0.032252043	0.00091050391	43.0
0.032374155	1.7276033	0.032360736	0.00093200407	43.0
0.032515239	1.3667158	0.032501623	0.00094091269	43.0
0.032610126	1.0803342	0.032596242	0.00095148059	43.0
0.032692634	0.85448843	0.032674938	0.0010754747	43.0
0.032803223	0.67753714	0.032783788	0.0011289621	43.0
0.032946028	0.53551048	0.032922607	0.0012420928	43.0
0.033122659	0.42375177	0.033095479	0.001341564	43.0
0.03324974	0.33527613	0.033214778	0.0015243735	43.0
0.033445448	0.26542693	0.033403695	0.0016706622	43.0
0.033704732	0.20954758	0.03365219	0.0018812031	43.0
0.033939436	0.16530976	0.0338706	0.0021604809	43.0
0.034180772	0.13038516	0.034094214	0.0024309796	43.0
0.034492258	0.10477379	0.034385558	0.002710965	43.0
0.034918115	0.081490725	0.034781959	0.0030805909	43.0
0.035257041	0.06519258	0.035079855	0.003530249	43.0
0.035709366	0.051222742	0.035483081	0.004013713	43.0
0.036330517	0.041909516	0.036065344	0.0043815007	43.0
0.036976323	0.03259629	0.036629248	0.0050543509	43.0
0.03768158	0.025611371	0.037226398	0.005839244	43.0
0.038253691	0.020954758	0.037747018	0.0062054414	43.0
0.039487246	0.016298145	0.038800973	0.00732987	43.0
0.040861063	0.011641532	0.040024754	0.0082246866	43.0
0.042463079	0.0093132257	0.041390836	0.0094821872	43.0
0.046446577	10001.0	0.027683035	-0.03729523	43.0
0.040202215	7913.0005	0.026683349	-0.030070202	43.0
0.035246547	6262.001	0.025888845	-0.023918336	43.0
0.031603612	4954.999	0.025364172	-0.018853303	43.0
0.029062917	3919.9995	0.025065955	-0.014708878	43.0
0.027426017	3102.0002	0.024958761	-0.01136867	43.0
0.026417809	2452.5471	0.024961492	-0.0086501157	43.0
0.025865013	1942.0007	0.025035089	-0.0064994744	43.0
0.025650235	1535.4645	0.025207827	-0.0047434173	43.0
0.025640683	1215.9999	0.025417199	-0.0033779643	43.0
0.025733849	962.03754	0.025633672	-0.002268434	43.0
0.025938252	761.23975	0.025899787	-0.0014120718	43.0
0.026193818	601.79736	0.026183452	-0.00073680811	43.0
0.02646135	476.52283	0.026460696	-0.00018602834	43.0
0.026755704	376.86899	0.026754783	0.00022195037	43.0
0.027019527	298.10471	0.027014183	0.00053732848	43.0
0.027312158	236.05534	0.02730123	0.0007725539	43.0
0.027583545	186.69292	0.027567241	0.00094826741	43.0
0.027853917	147.6705	0.027832966	0.0010801506	43.0
0.028102003	116.9485	0.02807791	0.0011634441	43.0
0.028369291	92.536209	0.028342078	0.0012422932	43.0
0.028610267	73.194969	0.028581917	0.0012733465	43.0
0.028855156	57.900322	0.028826544	0.0012846856	43.0
0.029077346	45.809425	0.029047158	0.0013246312	43.0
0.029303124	36.240089	0.029274926	0.001285224	43.0
0.029530864	28.680079	0.029503044	0.0012815358	43.0
0.029734535	22.705643	0.029708389	0.0012466944	43.0
0.029960584	17.958227	0.029936478	0.0012016179	43.0
0.030143578	14.204997	0.030122142	0.001136587	43.0
0.030286407	11.24572	0.03026736	0.0010739509	43.0
0.030431883	8.8964586	0.030414404	0.0010312771	43.0
0.030582881	7.0361419	0.030567506	0.00096961786	43.0
0.030716522	5.5693088	0.030702757	0.00091950089	43.0
0.030834224	4.4051557	0.030821379	0.00088992133	43.0
0.030945586	3.487803	0.030933959	0.00084817503	43.0
0.031067923	2.759043	0.031056611	0.00083830097	43.0
0.031117022	2.1839514	0.031106032	0.00082692876	43.0
0.031240949	1.7276033	0.031229515	0.00084519369	43.0
0.031287462	1.3667158	0.031276092	0.00084339664	43.0
0.031461008	1.0803342	0.031447131	0.00093431678	43.0
0.031496629	0.85448843	0.031481907	0.00096291688	43.0
0.031614162	0.67753714	0.031597834	0.0010158784	43.0
0.031759948	0.53551048	0.031740516	0.0011107704	43.0
0.031864982	0.42375177	0.031842303	0.0012019979	43.0
0.032029379	0.33527613	0.032001615	0.0013333651	43.0
0.032208294	0.26542693	0.032173559	0.0014954057	43.0
0.032337956	0.20954758	0.032294568	0.001674603	43.0
0.032600157	0.16530976	0.032549836	0.0018106743	43.0
0.032845005	0.13038516	0.03277589	0.0021296302	43.0
0.033036709	0.10477379	0.03294963	0.0023970876	43.0
0.033305641	0.081490725	0.033194695	0.002716267	43.0
0.033731904	0.06519258	0.03359494	0.0030366855	43.0
0.034203332	0.051222742	0.034021828	0.0035189658	43.0
0.03442765	0.041909516	0.034205254	0.0039068647	43.0
0.035040755	0.03259629	0.034756035	0.0044578742	43.0
0.035742391	0.025611371	0.035383213	0.0050543821	43.0
0.036307089	0.020954758	0.035819214	0.0059320084	43.0
0.037099529	0.016298145	0.036503039	0.0066259373	43.0
0.038568508	0.011641532	0.03758309	0.0086626271	43.0
0.039468043	0.0093132257	0.038270108	0.0096501401	43.0
0.046984594	10001.0	0.028967736	-0.036992192	64.0
0.04077832	7913.0005	0.027881948	-0.029756822	64.0
0.035941601	6262.001	0.02705108	-0.023665115	64.0
0.032404594	4954.999	0.02652033	-0.018620681	64.0
0.029985046	3919.9995	0.026246462	-0.014499179	64.0
0.028398862	3102.0002	0.026119089	-0.011148479	64.0
0.027472481	2452.5471	0.02614584	-0.0084339967	64.0
0.026997862	1942.0007	0.026260311	-0.0062674242	64.0
0.026810991	1535.4645	0.026425667	-0.00452916	64.0
0.026842697	1215.9999	0.026656749	-0.0031540678	64.0
0.027020242	962.03754	0.026942467	-0.00204864	64.0
0.027243912	761.23975	0.027218949	-0.0011659871	64.0
0.027535975	601.79736	0.027531657	-0.00048764236	64.0
0.027858885	476.52283	0.027858846	4.640318e-05	64.0
0.0281695	376.86899	0.028165577	0.00047005876	64.0
0.028493859	298.10471	0.028483005	0.0007864068	64.0
0.028821129	236.05534	0.028802723	0.0010299102	64.0
0.029129742	186.69292	0.029104223	0.0012190396	64.0
0.029447692	147.6705	0.029416386	0.0013574967	64.0
0.029736795	116.9485	0.029700808	0.001462515	64.0
0.030046932	92.536209	0.030007357	0.0015416516	64.0
0.030326406	73.194969	0.030284734	0.0015892436	64.0
0.030613475	57.900322	0.03057004	0.0016301975	64.0
0.0308872	45.809425	0.030842727	0.001656895	64.0
0.03117737	36.240089	0.031133089	0.0016610643	64.0
0.031453583	28.680079	0.031409588	0.0016630386	64.0
0.031757195	22.705643	0.031713996	0.0016558865	64.0
0.032025743	17.958227	0.03198491	0.0016167169	64.0
0.032281771	14.204997	0.032244802	0.0015444859	64.0
0.032540902	11.24572	0.032506347	0.0014992445	64.0
0.032781884	8.8964586	0.032751296	0.0014158527	64.0
0.032938253	7.0361419	0.032912444	0.0013036216	64.0
0.033120118	5.5693088	0.033096515	0.0012501494	64.0
0.033282731	4.4051557	0.033261843	0.0011789749	64.0
0.033428844	3.487803	0.033410642	0.0011029813	64.0
0.033504169	2.759043	0.03348738	0.0010605794	64.0
0.033702232	2.1839514	0.033685137	0.0010733383	64.0
0.033801261	1.7276033	0.033785168	0.0010429663	64.0
0.033929598	1.3667158	0.033913687	0.0010388982	64.0
0.034071542	1.0803342	0.034053706	0.0011023369	64.0
0.034125522	0.85448843	0.034106694	0.0011334675	64.0
0.034267098	0.67753714	0.034245364	0.0012202651	64.0
0.034417376	0.53551048	0.034393135	0.001291502	64.0
0.034548461	0.42375177	0.034517936	0.0014519473	64.0
0.03473508	0.33527613	0.034699317	0.0015757824	64.0
0.034905903	0.26542693	0.034861434	0.0017613623	64.0
0.035122495	0.20954758	0.035067204	0.0019699745	64.0
0.035372086	0.16530976	0.035306774	0.0021485284	64.0
0.035672601	0.13038516	0.035590388	0.002420468	64.0
0.035940241	0.10477379	0.035830401	0.0028077373	64.0
0.036304191	0.081490725	0.036160875	0.0032226427	64.0
0.036700699	0.06519258	0.036527731	0.003558984	64.0
0.037281211	0.051222742	0.037061404	0.0040423903	64.0
0.037634842	0.041909516	0.037348818	0.0046310946	64.0
0.038331628	0.03259629	0.037980143	0.0051790285	64.0
0.039052665	0.025611371	0.03861554	0.0058267317	64.0
0.039973818	0.020954758	0.039404795	0.0067207306	64.0
0.040774763	0.016298145	0.040062115	0.0075900084	64.0
0.042951964	0.011641532	0.041846551	0.0096818004	64.0
0.044017129	0.0093132257	0.042639967	0.010924329	64.0
0.046751056	10001.0	0.028422128	-0.037119318	64.0
0.040473774	7913.0005	0.027350446	-0.0298342	64.0
0.035641797	6262.001	0.026504913	-0.023829125	64.0
0.032021511	4954.999	0.025950449	-0.018760366	64.0
0.029528277	3919.9995	0.02563916	-0.014647617	64.0
0.02790248	3102.0002	0.025500055	-0.011326763	64.0
0.026912922	2452.5471	0.025491219	-0.008631519	64.0
0.026374562	1942.0007	0.025572795	-0.0064536505	64.0
0.02615946	1535.4645	0.025727924	-0.0047319368	64.0
0.026152842	1215.9999	0.025938269	-0.0033432546	64.0
0.026279479	962.03754	0.026182937	-0.0022505217	64.0
0.02647461	761.23975	0.026437899	-0.0013937226	64.0
0.026726138	601.79736	0.026717076	-0.00069588801	64.0
0.027002016	476.52283	0.027001409	-0.00018104477	64.0
0.027278967	376.86899	0.027277948	0.00023585621	64.0
0.027574802	298.10471	0.027568955	0.00056779594	64.0
0.027852736	236.05534	0.027841339	0.00079675368	64.0
0.028123213	186.69292	0.028106427	0.00097153272	64.0
0.028403964	147.6705	0.02838172	0.0011238758	64.0
0.028659504	116.9485	0.02863344	0.0012220033	64.0
0.028914852	92.536209	0.028885536	0.0013017232	64.0
0.029153414	73.194969	0.029120814	0.0013783238	64.0
0.029402051	57.900322	0.029367877	0.0014171941	64.0
0.029652473	45.809425	0.029616551	0.0014591304	64.0
0.029896261	36.240089	0.029860035	0.0014713176	64.0
0.030158283	28.680079	0.030122127	0.0014762918	64.0
0.030401718	22.705643	0.030365724	0.0014789262	64.0
0.030666411	17.958227	0.030631648	0.0014597515	64.0
0.030902989	14.204997	0.030871667	0.001391003	64.0
0.031141838	11.24572	0.031112889	0.0013424833	64.0
0.031328354	8.8964586	0.031301927	0.0012865061	64.0
0.031510789	7.0361419	0.031487968	0.0011990658	64.0
0.031678848	5.5693088	0.031658098	0.0011463724	64.0
0.031830311	4.4051557	0.031812586	0.0010620796	64.0
0.031961609	3.487803	0.031944651	0.0010410208	64.0
0.032088742	2.759043	0.032073338	0.00099417171	64.0
0.032187607	2.1839514	0.032173008	0.00096930243	64.0
0.032289609	1.7276033	0.032275785	0.00094480667	64.0
0.032388389	1.3667158	0.032373507	0.00098171271	64.0
0.03249846	1.0803342	0.032483	0.0010023079	64.0
0.032620743	0.85448843	0.032603856	0.001049545	64.0
0.032718405	0.67753714	0.032699861	0.0011014579	64.0
0.032866113	0.53551048	0.032845244	0.001171067	64.0
0.03305883	0.42375177	0.03303232	0.0013236788	64.0
0.033130381	0.33527613	0.033099733	0.0014247439	64.0
0.03333148	0.26542693	0.033295993	0.0015376452	64.0
0.033530202	0.20954758	0.033484541	0.0017492749	64.0
0.033715904	0.16530976	0.033657372	0.0019858154	64.0
0.033945687	0.13038516	0.033875376	0.0021837037	64.0
0.034243092	0.10477379	0.034153908	0.002469819	64.0
0.034613967	0.081490725	0.034495108	0.0028660535	64.0
0.034863971	0.06519258	0.034712099	0.0032506417	64.0
0.035282593	0.051222742	0.035093654	0.0036464855	64.0
0.035829734	0.041909516	0.035588622	0.0041496856	64.0
0.036368351	0.03259629	0.036058255	0.0047391187	64.0
0.036955297	0.025611371	0.036562771	0.0053719436	64.0
0.037712868	0.020954758	0.037262898	0.0058083427	64.0
0.038658582	0.016298145	0.038040556	0.0068849199	64.0
0.04039178	0.011641532	0.039641008	0.0077515491	64.0
0.041724652	0.0093132257	0.040720828	0.0090972893	64.0
0.047352865	10001.0	0.029237619	-0.037248563	85.0
0.04097902	7913.0005	0.028166953	-0.02976412	85.0
0.036175106	6262.001	0.02738337	-0.023638723	85.0
0.032670137	4954.999	0.026869928	-0.018583454	85.0
0.030266961	3919.9995	0.026597673	-0.014444816	85.0
0.02870165	3102.0002	0.026457686	-0.011125447	85.0
0.027817979	2452.5471	0.026516126	-0.0084104137	85.0
0.027333146	1942.0007	0.026612895	-0.0062333546	85.0
0.027195159	1535.4645	0.026819788	-0.0045028459	85.0
0.027242128	1215.9999	0.0270613	-0.0031336157	85.0
0.027405707	962.03754	0.027331229	-0.0020190929	85.0
0.027632918	761.23975	0.027608914	-0.0011515277	85.0
0.027929062	601.79736	0.027925108	-0.00046995643	85.0
0.028232429	476.52283	0.028232353	6.6032386e-05	85.0
0.028554685	376.86899	0.028550498	0.00048902986	85.0
0.028889524	298.10471	0.028878249	0.00080702454	85.0
0.029207978	236.05534	0.029188612	0.0010634651	85.0
0.029534502	186.69292	0.029508635	0.0012358102	85.0
0.029843817	147.6705	0.029811207	0.0013947492	85.0
0.030117122	116.9485	0.030080447	0.0014858621	85.0
0.030412814	92.536209	0.030372415	0.0015670583	85.0
0.030718464	73.194969	0.030673822	0.0016554997	85.0
0.030988589	57.900322	0.030940792	0.0017204914	85.0
0.031283308	45.809425	0.031233422	0.0017659659	85.0
0.031574946	36.240089	0.031523313	0.0018049725	85.0
0.031903289	28.680079	0.031850602	0.0018327452	85.0
0.032216579	22.705643	0.032163579	0.001847196	85.0
0.032524757	17.958227	0.032470927	0.0018704942	85.0
0.032867782	14.204997	0.032817509	0.001817194	85.0
0.033143092	11.24572	0.033095472	0.0017760596	85.0
0.033440378	8.8964586	0.033396963	0.0017034102	85.0
0.033693712	7.0361419	0.033655073	0.0016131499	85.0
0.033937197	5.5693088	0.033902865	0.0015261499	85.0
0.034116119	4.4051557	0.03408701	0.001409026	85.0
0.034274992	3.487803	0.034249716	0.0013160423	85.0
0.034475267	2.759043	0.034451872	0.0012698624	85.0
0.034584336	2.1839514	0.034563735	0.0011935225	85.0
0.034742326	1.7276033	0.034722306	0.0011792755	85.0
0.034872908	1.3667158	0.034852587	0.0011903368	85.0
0.034986574	1.0803342	0.034966614	0.0011816856	85.0
0.035112329	0.85448843	0.035091069	0.0012216684	85.0
0.035264187	0.67753714	0.03524081	0.0012837669	85.0
0.035406634	0.53551048	0.035380688	0.0013552167	85.0
0.035608467	0.42375177	0.035578739	0.0014547495	85.0
0.035736959	0.33527613	0.035700321	0.0016178245	85.0
0.035976354	0.26542693	0.035932597	0.0017738845	85.0
0.036150973	0.20954758	0.036094993	0.0020110502	85.0
0.03637993	0.16530976	0.036312927	0.0022069579	85.0
0.036727507	0.13038516	0.036644168	0.0024727685	85.0
0.036960091	0.10477379	0.036851734	0.0028280814	85.0
0.037319541	0.081490725	0.037176456	0.0032648358	85.0
0.037763413	0.06519258	0.037591688	0.0035972563	85.0
0.038364388	0.051222742	0.038150407	0.0040463055	85.0
0.038728118	0.041909516	0.03844355	0.0046862084	85.0
0.039412372	0.03259629	0.039064102	0.0052279197	85.0
0.040200826	0.025611371	0.039768118	0.0058824401	85.0
0.041137189	0.020954758	0.040559512	0.006869813	85.0
0.042008325	0.016298145	0.041287694	0.0077476338	85.0
0.044338617	0.011641532	0.043242004	0.0098001044	85.0
0.045456979	0.0093132257	0.044087134	0.011075273	85.0
0.047306359	10001.0	0.028721044	-0.037589803	85.0
0.040750511	7913.0005	0.027650082	-0.029934546	85.0
0.035885435	6262.001	0.026835319	-0.023824988	85.0
0.03233999	4954.999	0.026332034	-0.018774956	85.0
0.029886607	3919.9995	0.026047273	-0.014654313	85.0
0.028259883	3102.0002	0.025897138	-0.011311907	85.0
0.027312819	2452.5471	0.025915157	-0.0086252363	85.0
0.026775505	1942.0007	0.025991797	-0.0064307158	85.0
0.026572021	1535.4645	0.026151752	-0.004707241	85.0
0.026580552	1215.9999	0.026371256	-0.0033290589	85.0
0.026711065	962.03754	0.026615551	-0.0022568768	85.0
0.026910778	761.23975	0.026875556	-0.0013764109	85.0
0.027158022	601.79736	0.027148779	-0.00070844073	85.0
0.027419934	476.52283	0.027419293	-0.00018746809	85.0
0.027701994	376.86899	0.027700858	0.00025092121	85.0
0.027995476	298.10471	0.027989507	0.00057811971	85.0
0.028269641	236.05534	0.028258186	0.0008046836	85.0
0.028547447	186.69292	0.028529573	0.0010100417	85.0
0.028806102	147.6705	0.028783243	0.0011473242	85.0
0.029071758	116.9485	0.029044583	0.0012566731	85.0
0.029325387	92.536209	0.029294278	0.0013503954	85.0
0.029575072	73.194969	0.029541099	0.0014171702	85.0
0.029838521	57.900322	0.029800883	0.0014982377	85.0
0.030089542	45.809425	0.030050248	0.0015372548	85.0
0.030347181	36.240089	0.030304767	0.0016038897	85.0
0.030622456	28.680079	0.030578872	0.0016332276	85.0
0.030904954	22.705643	0.030860288	0.0016609548	85.0
0.031195322	17.958227	0.031150723	0.0016674944	85.0
0.031491876	14.204997	0.031448565	0.0016510255	85.0
0.031767786	11.24572	0.031725928	0.001630245	85.0
0.032046832	8.8964586	0.032008927	0.0015581934	85.0
0.032276355	7.0361419	0.032242533	0.0014772301	85.0
0.032500822	5.5693088	0.032472685	0.0013521346	85.0
0.032671813	4.4051557	0.032645896	0.0013010823	85.0
0.032864671	3.487803	0.032841217	0.0012413609	85.0
0.032998845	2.759043	0.032979175	0.0011392419	85.0
0.033129554	2.1839514	0.033111684	0.0010880558	85.0
0.033288855	1.7276033	0.033270568	0.0011033181	85.0
0.033371639	1.3667158	0.033352856	0.0011195126	85.0
0.033488926	1.0803342	0.033470985	0.001095996	85.0
0.033629369	0.85448843	0.033609059	0.0011686262	85.0
0.033757463	0.67753714	0.033739083	0.0011138301	85.0
0.033885691	0.53551048	0.033862475	0.0012540839	85.0
0.034026727	0.42375177	0.033999816	0.0013529919	85.0
0.034157623	0.33527613	0.034125473	0.001481607	85.0
0.034359001	0.26542693	0.03432066	0.0016227105	85.0
0.034554813	0.20954758	0.034506612	0.0018245411	85.0
0.034766532	0.16530976	0.0347034	0.0020942527	85.0
0.034978826	0.13038516	0.034903027	0.0023015121	85.0
0.035318542	0.10477379	0.03522766	0.0025320973	85.0
0.035711069	0.081490725	0.035591692	0.0029175009	85.0
0.036022369	0.06519258	0.03586559	0.0033571734	85.0
0.036390711	0.051222742	0.036187384	0.0038414907	85.0
0.037004787	0.041909516	0.036765203	0.0042040637	85.0
0.0376385	0.03259629	0.037316632	0.0049117906	85.0
0.038266812	0.025611371	0.037858009	0.005578537	85.0
0.038850088	0.020954758	0.038387712	0.0059760236	85.0
0.039969999	0.016298145	0.039347399	0.007027314	85.0
0.041270498	0.011641532	0.040541127	0.0077247014	85.0
0.042706799	0.0093132257	0.041761257	0.0089368904	85.0
0.047432121	10001.0	0.029633351	-0.037036072	106.0
0.041327626	7913.0005	0.028748149	-0.029690344	106.0
0.036604181	6262.001	0.027976301	-0.023604929	106.0
0.033153359	4954.999	0.027482796	-0.018542953	106.0
0.030776961	3919.9995	0.027175495	-0.014446927	106.0
0.029273897	3102.0002	0.027098857	-0.011073077	106.0
0.028392281	2452.5471	0.027129233	-0.0083741518	106.0
0.027946947	1942.0007	0.027251424	-0.0061961086	106.0
0.027808009	1535.4645	0.027448857	-0.0044548395	106.0
0.027860697	1215.9999	0.0276895	-0.003083834	106.0
0.028036706	962.03754	0.027967058	-0.0019749883	106.0
0.028305599	761.23975	0.028283492	-0.0011184862	106.0
0.02858798	601.79736	0.028584844	-0.00042342264	106.0
0.028896021	476.52283	0.028895834	0.0001039187	106.0
0.029226968	376.86899	0.029222263	0.0005244487	106.0
0.02955671	298.10471	0.029544426	0.00085206155	106.0
0.029881274	236.05534	0.029861121	0.0010972619	106.0
0.030202342	186.69292	0.030174762	0.0012904243	106.0
0.030535508	147.6705	0.030501809	0.001434184	106.0
0.030812886	116.9485	0.030773576	0.0015559299	106.0
0.031109361	92.536209	0.031065222	0.0016565892	106.0
0.031400535	73.194969	0.031353418	0.0017195044	106.0
0.031720474	57.900322	0.031668562	0.001813983	106.0
0.03199967	45.809425	0.031945664	0.0018583173	106.0
0.032319311	36.240089	0.032261103	0.0019388165	106.0
0.03262854	28.680079	0.032567278	0.0019985056	106.0
0.032974597	22.705643	0.032911237	0.0020431441	106.0
0.03334222	17.958227	0.033276226	0.0020967368	106.0
0.033714011	14.204997	0.033647809	0.0021117469	106.0
0.034055065	11.24572	0.033991374	0.0020818037	106.0
0.03440452	8.8964586	0.034345564	0.0020132626	106.0
0.034755819	7.0361419	0.034702469	0.0019249596	106.0
0.035049252	5.5693088	0.035002105	0.0018173269	106.0
0.035330657	4.4051557	0.035289105	0.0017130082	106.0
0.035534237	3.487803	0.035497326	0.0016192034	106.0
0.035755724	2.759043	0.035723314	0.0015220232	106.0
0.035954472	2.1839514	0.035928149	0.0013755903	106.0
0.036077928	1.7276033	0.036050376	0.0014097306	106.0
0.036256846	1.3667158	0.036233861	0.0012908558	106.0
0.036360767	1.0803342	0.036337007	0.0013143107	106.0
0.036525384	0.85448843	0.036498863	0.0013916026	106.0
0.036652017	0.67753714	0.036626939	0.0013556515	106.0
0.036808908	0.53551048	0.036780551	0.0014445218	106.0
0.0369341	0.42375177	0.036902994	0.0015154799	106.0
0.037148371	0.33527613	0.037111308	0.0016589715	106.0
0.037324972	0.26542693	0.037281226	0.001806544	106.0
0.037507437	0.20954758	0.037453633	0.0020083094	106.0
0.037805848	0.16530976	0.037740402	0.0022235245	106.0
0.038137622	0.13038516	0.038050782	0.0025722168	106.0
0.038340293	0.10477379	0.038234338	0.0028484082	106.0
0.038682617	0.081490725	0.038549636	0.0032047573	106.0
0.03921983	0.06519258	0.039048418	0.0036628128	106.0
0.03977308	0.051222742	0.039547656	0.0042285835	106.0
0.040097151	0.041909516	0.039835472	0.0045734812	106.0
0.040910643	0.03259629	0.04057572	0.0052241352	106.0
0.041740887	0.025611371	0.041316241	0.0059388485	106.0
0.042311531	0.020954758	0.04175707	0.0068273554	106.0
0.043368988	0.016298145	0.042705309	0.0075581488	106.0
0.044693138	0.011641532	0.043671105	0.0095032286	106.0
0.045946956	0.0093132257	0.044750039	0.010419051	106.0
0.047511693	10001.0	0.029181957	-0.037493657	106.0
0.041110314	7913.0005	0.02809855	-0.030008825	106.0
0.036258817	6262.001	0.027316902	-0.023843	106.0
0.032751311	4954.999	0.026857292	-0.01874391	106.0
0.030337738	3919.9995	0.026588749	-0.01460879	106.0
0.028763629	3102.0002	0.026474636	-0.011244555	106.0
0.027829142	2452.5471	0.026486734	-0.0085389726	106.0
0.027362484	1942.0007	0.026605038	-0.00639355	106.0
0.02717825	1535.4645	0.026777085	-0.0046524242	106.0
0.027188526	1215.9999	0.026989192	-0.0032862602	106.0
0.027342224	962.03754	0.027254676	-0.0021862919	106.0
0.027548531	761.23975	0.027517017	-0.0013173147	106.0
0.027800011	601.79736	0.027792821	-0.00063222391	106.0
0.028079316	476.52283	0.028079094	-0.00011161803	106.0
0.028368626	376.86899	0.028367057	0.00029822733	106.0
0.028660214	298.10471	0.028653365	0.00062654959	106.0
0.028945383	236.05534	0.028932907	0.00084977114	106.0
0.029235721	186.69292	0.029216414	0.0010622984	106.0
0.029502116	147.6705	0.029477913	0.0011947915	106.0
0.029762048	116.9485	0.029733101	0.0013123547	106.0
0.030021651	92.536209	0.0299879	0.001423144	106.0
0.030288849	73.194969	0.030251397	0.0015057934	106.0
0.030532854	57.900322	0.030492047	0.0015780306	106.0
0.030798372	45.809425	0.030753437	0.0016630598	106.0
0.031078331	36.240089	0.031030159	0.0017297112	106.0
0.031368136	28.680079	0.031316075	0.0018064897	106.0
0.031687587	22.705643	0.031630948	0.0018937603	106.0
0.032020353	17.958227	0.031962715	0.0019203816	106.0
0.032346983	14.204997	0.032288596	0.0019426629	106.0
0.032701299	11.24572	0.032644153	0.0019324328	106.0
0.033027031	8.8964586	0.03297212	0.0019037075	106.0
0.033360224	7.0361419	0.0333106	0.0018189074	106.0
0.033629265	5.5693088	0.033585038	0.001724112	106.0
0.033859111	4.4051557	0.033819344	0.0016405174	106.0
0.034087263	3.487803	0.0340553	0.0014758188	106.0
0.034278944	2.759043	0.034250174	0.0014041185	106.0
0.034459107	2.1839514	0.034432434	0.0013555924	106.0
0.034633793	1.7276033	0.034609817	0.0012884545	106.0
0.034799166	1.3667158	0.034776438	0.001257541	106.0
0.034899872	1.0803342	0.034877844	0.0012397846	106.0
0.035021886	0.85448843	0.034999907	0.001240558	106.0
0.03518118	0.67753714	0.035158344	0.0012674313	106.0
0.035287391	0.53551048	0.035260592	0.0013750474	106.0
0.035486221	0.42375177	0.035458639	0.0013988811	106.0
0.035664707	0.33527613	0.035629448	0.0015854751	106.0
0.035800796	0.26542693	0.035760019	0.0017081904	106.0
0.036051843	0.20954758	0.036002383	0.0018878399	106.0
0.036275655	0.16530976	0.036210734	0.0021693308	106.0
0.036433019	0.13038516	0.03635525	0.0023792076	106.0
0.036825664	0.10477379	0.036729597	0.0026582528	106.0
0.037197389	0.081490725	0.037070714	0.0030672308	106.0
0.037510503	0.06519258	0.037348825	0.0034789555	106.0
0.037980843	0.051222742	0.037771977	0.0039777025	106.0
0.038605496	0.041909516	0.038349703	0.0044367267	106.0
0.039225541	0.03259629	0.038887717	0.0051369825	106.0
0.039909773	0.025611371	0.039475482	0.0058716461	106.0
0.040622756	0.020954758	0.040138945	0.0062508686	106.0
0.041725162	0.016298145	0.041082192	0.0072967489	106.0
0.043335717	0.011641532	0.042583473	0.0080394102	106.0
0.044823475	0.0093132257	0.04382601	0.0094034504	106.0
0.047890361	10001.0	0.030279072	-0.037103429	127.0
0.041644081	7913.0005	0.029186247	-0.029705092	127.0
0.036901783	6262.001	0.028375333	-0.023591993	127.0
0.033464525	4954.999	0.027874319	-0.018517472	127.0
0.031135479	3919.9995	0.027598204	-0.014413783	127.0
0.02963512	3102.0002	0.027503487	-0.01103624	127.0
0.028774105	2452.5471	0.027538225	-0.0083423797	127.0
0.028352711	1942.0007	0.027670555	-0.00618196	127.0
0.028221454	1535.4645	0.02787186	-0.0044283103	127.0
0.028282505	1215.9999	0.028117543	-0.0030502267	127.0
0.028467285	962.03754	0.028399033	-0.0019700851	127.0
0.028736256	761.23975	0.028715579	-0.0010899483	127.0
0.029017767	601.79736	0.029014718	-0.0004205991	127.0
0.029336348	476.52283	0.029336099	0.00012097896	127.0
0.029674845	376.86899	0.029669777	0.000548421	127.0
0.030013913	298.10471	0.030000912	0.00088332599	127.0
0.030331166	236.05534	0.030310284	0.001125287	127.0
0.030653659	186.69292	0.030624675	0.00133272	127.0
0.03097867	147.6705	0.030944116	0.0014627798	127.0
0.03128406	116.9485	0.031243067	0.0016010117	127.0
0.031592723	92.536209	0.031547751	0.0016850627	127.0
0.031883247	73.194969	0.031832952	0.001790126	127.0
0.032169353	57.900322	0.032114662	0.0018750395	127.0
0.03249006	45.809425	0.032429952	0.0019754251	127.0
0.03278802	36.240089	0.032723881	0.002049821	127.0
0.033142932	28.680079	0.033074103	0.002134884	127.0
0.033478811	22.705643	0.033404164	0.002234403	127.0
0.033869561	17.958227	0.033792689	0.0022806537	127.0
0.034254927	14.204997	0.034175687	0.0023286184	127.0
0.034683514	11.24572	0.03460706	0.0023016438	127.0
0.035115059	8.8964586	0.035040155	0.0022923863	127.0
0.03546362	7.0361419	0.035391942	0.0022536265	127.0
0.035867203	5.5693088	0.035802722	0.0021497379	127.0
0.036203712	4.4051557	0.036146555	0.0020335389	127.0
0.036499418	3.487803	0.036450747	0.0018842891	127.0
0.036757808	2.759043	0.036715142	0.0017705243	127.0
0.0369353	2.1839514	0.036898412	0.0016503085	127.0
0.037153453	1.7276033	0.03712042	0.0015663683	127.0
0.037236225	1.3667158	0.037204616	0.0015339883	127.0
0.037430041	1.0803342	0.037402373	0.0014389153	127.0
0.037614387	0.85448843	0.037587255	0.0014284259	127.0
0.037764538	0.67753714	0.037737116	0.0014388724	127.0
0.037933573	0.53551048	0.037902951	0.0015239201	127.0
0.0380296	0.42375177	0.037997294	0.0015672067	127.0
0.0382751	0.33527613	0.038237516	0.0016957922	127.0
0.038456324	0.26542693	0.038410757	0.0018715438	127.0
0.038657222	0.20954758	0.038602397	0.0020580702	127.0
0.038910802	0.16530976	0.038844217	0.0022753796	127.0
0.039237432	0.13038516	0.039151836	0.0025903105	127.0
0.039460938	0.10477379	0.039352328	0.0029257429	127.0
0.039807633	0.081490725	0.03967043	0.0033021939	127.0
0.040303826	0.06519258	0.040139236	0.0036386913	127.0
0.040918745	0.051222742	0.040705964	0.0041675172	127.0
0.041230943	0.041909516	0.04095754	0.004740316	127.0
0.04198255	0.03259629	0.041643225	0.0053269486	127.0
0.042791635	0.025611371	0.042369023	0.005999146	127.0
0.043632645	0.020954758	0.043077767	0.0069364067	127.0
0.0444762	0.016298145	0.043784764	0.0078119654	127.0
0.046675161	0.011641532	0.045613952	0.0098963669	127.0
0.047779202	0.0093132257	0.046493497	0.011009397	127.0
0.04785677	10001.0	0.029778384	-0.037463561	127.0
0.041475758	7913.0005	0.028710751	-0.02993211	127.0
0.036654316	6262.001	0.02786457	-0.023813959	127.0
0.033142246	4954.999	0.027333114	-0.018743249	127.0
0.030724574	3919.9995	0.027020315	-0.01462539	127.0
0.029175285	3102.0002	0.026907984	-0.011276421	127.0
0.028245468	2452.5471	0.026910331	-0.0085814055	127.0
0.027776044	1942.0007	0.02702317	-0.0064231525	127.0
0.027588537	1535.4645	0.027186383	-0.0046933922	127.0
0.027581731	1215.9999	0.027379729	-0.0033320177	127.0
0.027727818	962.03754	0.027636567	-0.0022476749	127.0
0.027931318	761.23975	0.027897406	-0.0013759496	127.0
0.028159063	601.79736	0.02815035	-0.00070048473	127.0
0.028440673	476.52283	0.02844023	-0.00015893737	127.0
0.028703127	376.86899	0.028702186	0.00023231923	127.0
0.028981254	298.10471	0.028975533	0.00057578803	127.0
0.029268626	236.05534	0.029257445	0.00080895115	127.0
0.029535839	186.69292	0.029518409	0.0010145899	127.0
0.029790685	147.6705	0.029768089	0.0011600954	127.0
0.030043097	116.9485	0.030015925	0.0012774864	127.0
0.030315012	92.536209	0.030282548	0.0014025834	127.0
0.030558394	73.194969	0.030521965	0.0014917054	127.0
0.030811649	57.900322	0.030771744	0.0015676389	127.0
0.031072404	45.809425	0.031027639	0.001667299	127.0
0.031332973	36.240089	0.031283777	0.0017551503	127.0
0.031640589	28.680079	0.031586919	0.001842126	127.0
0.031955969	22.705643	0.031897709	0.0019287431	127.0
0.032299042	17.958227	0.032237619	0.0019909597	127.0
0.032658868	14.204997	0.032596048	0.0020246964	127.0
0.033000987	11.24572	0.03293822	0.002034433	127.0
0.03338227	8.8964586	0.033323631	0.0019777534	127.0
0.033733141	7.0361419	0.033678129	0.0019256858	127.0
0.034008648	5.5693088	0.033959787	0.0018223941	127.0
0.03429462	4.4051557	0.03424995	0.0017498475	127.0
0.034534004	3.487803	0.03449465	0.0016482116	127.0
0.034729131	2.759043	0.034695886	0.001519235	127.0
0.03495805	2.1839514	0.034930449	0.0013889035	127.0
0.03509108	1.7276033	0.035064641	0.0013619489	127.0
0.035241932	1.3667158	0.035216995	0.0013254869	127.0
0.03535486	1.0803342	0.035331666	0.0012803978	127.0
0.035567444	0.85448843	0.035543859	0.0012950498	127.0
0.035659332	0.67753714	0.035634473	0.0013312318	127.0
0.035824936	0.53551048	0.035798013	0.0013886304	127.0
0.035962783	0.42375177	0.035930477	0.0015240163	127.0
0.036112253	0.33527613	0.0360763	0.0016110374	127.0
0.036307082	0.26542693	0.036264721	0.0017533447	127.0
0.036534559	0.20954758	0.036482174	0.0019557301	127.0
0.036709614	0.16530976	0.036642566	0.0022176581	127.0
0.036974996	0.13038516	0.036894865	0.0024329352	127.0
0.037315279	0.10477379	0.03721391	0.0027486256	127.0
0.037723906	0.081490725	0.037592843	0.0031418558	127.0
0.037991192	0.06519258	0.037823286	0.0035678896	127.0
0.038402349	0.051222742	0.038189799	0.0040348205	127.0
0.039017703	0.041909516	0.038754474	0.0045245793	127.0
0.039661415	0.03259629	0.039321929	0.0051782024	127.0
0.04032208	0.025611371	0.039884351	0.0059252609	127.0
0.041018002	0.020954758	0.040535908	0.0062703053	127.0
0.042091392	0.016298145	0.041438196	0.0073865638	127.0
0.043653611	0.011641532	0.042883951	0.0081611592	127.0
0.045116555	0.0093132257	0.044113219	0.0094618956	127.0
0.047985546	10001.0	0.030310761	-0.03720041	148.0
0.041868407	7913.0005	0.029416027	-0.029793639	148.0
0.037139632	6262.001	0.028692892	-0.023581142	148.0
0.033733733	4954.999	0.028220309	-0.018481854	148.0
0.031465709	3919.9995	0.02799391	-0.014367738	148.0
0.030017415	3102.0002	0.027923808	-0.01101391	148.0
0.02919895	2452.5471	0.027991394	-0.0083102705	148.0
0.028794181	1942.0007	0.028133327	-0.0061335769	148.0
0.028686896	1535.4645	0.028348355	-0.004394176	148.0
0.028756665	1215.9999	0.028597543	-0.0030209757	148.0
0.028953617	962.03754	0.028889813	-0.0019211264	148.0
0.029216316	761.23975	0.029197125	-0.0010587898	148.0
0.029511061	601.79736	0.029508848	-0.00036142248	148.0
0.029830594	476.52283	0.029830091	0.00017313052	148.0
0.030177107	376.86899	0.03017137	0.00058839074	148.0
0.030510329	298.10471	0.03049686	0.00090647017	148.0
0.030850651	236.05534	0.03082885	0.0011596022	148.0
0.031164426	186.69292	0.031134449	0.0013665962	148.0
0.031493146	147.6705	0.031455815	0.0015329293	148.0
0.03179355	116.9485	0.031751268	0.0016391297	148.0
0.032114722	92.536209	0.032067407	0.0017426595	148.0
0.032397956	73.194969	0.032345425	0.0018441657	148.0
0.032701869	57.900322	0.032644279	0.001939935	148.0
0.033003543	45.809425	0.032939561	0.0020540515	148.0
0.033319723	36.240089	0.03325136	0.0021332863	148.0
0.033665087	28.680079	0.033589125	0.0022602563	148.0
0.034023352	22.705643	0.033941302	0.0023614315	148.0
0.034437578	17.958227	0.034350451	0.0024481469	148.0
0.034871388	14.204997	0.034778483	0.0025437786	148.0
0.035300184	11.24572	0.035204582	0.00259621	148.0
0.03578718	8.8964586	0.0356947	0.002571129	148.0
0.036222048	7.0361419	0.036133539	0.0025306214	148.0
0.036683355	5.5693088	0.036603201	0.0024236809	148.0
0.037083719	4.4051557	0.037007943	0.002369452	148.0
0.037393134	3.487803	0.037327401	0.0022162271	148.0
0.037764907	2.759043	0.037708901	0.0020559537	148.0
0.037971452	2.1839514	0.037922841	0.0019207478	148.0
0.038256165	1.7276033	0.038214982	0.0017746678	148.0
0.038428608	1.3667158	0.038394108	0.0016279673	148.0
0.038590588	1.0803342	0.03855814	0.0015821526	148.0
0.038751461	0.85448843	0.038720667	0.0015445075	148.0
0.038932946	0.67753714	0.038901992	0.0015521384	148.0
0.039092723	0.53551048	0.039060511	0.0015866787	148.0
0.039262809	0.42375177	0.039228231	0.0016474144	148.0
0.039474737	0.33527613	0.039437976	0.0017031851	148.0
0.039612629	0.26542693	0.039567985	0.0018801495	148.0
0.039853912	0.20954758	0.039800983	0.0020532997	148.0
0.040146161	0.16530976	0.040079758	0.002308069	148.0
0.040380612	0.13038516	0.040296562	0.0026039919	148.0
0.040623631	0.10477379	0.04052503	0.0028286807	148.0
0.041031212	0.081490725	0.04090881	0.0031669585	148.0
0.041483678	0.06519258	0.041324131	0.0036347969	148.0
0.042018298	0.051222742	0.041807175	0.0042068497	148.0
0.042390656	0.041909516	0.042146765	0.0045406907	148.0
0.043167509	0.03259629	0.0428533	0.0051988875	148.0
0.044040758	0.025611371	0.043632559	0.005982318	148.0
0.044521786	0.020954758	0.044005599	0.0067599257	148.0
0.045631349	0.016298145	0.045013774	0.0074819811	148.0
0.046867806	0.011641532	0.045983814	0.0090598026	148.0
0.048108984	0.0093132257	0.047074199	0.0099244174	148.0
0.047952291	10001.0	0.030128691	-0.037305284	148.0
0.041625347	7913.0005	0.02907674	-0.029786116	148.0
0.036869943	6262.001	0.028280005	-0.023656586	148.0
0.033409316	4954.999	0.027753169	-0.018599572	148.0
0.031078761	3919.9995	0.027488187	-0.014501344	148.0
0.029549569	3102.0002	0.02736045	-0.011161666	148.0
0.028650662	2452.5471	0.027374223	-0.0084564965	148.0
0.028194666	1942.0007	0.027482143	-0.0062984903	148.0
0.028028972	1535.4645	0.027654888	-0.004564038	148.0
0.028068773	1215.9999	0.027884509	-0.0032109481	148.0
0.028238444	962.03754	0.028160723	-0.0020936518	148.0
0.028461613	761.23975	0.028435383	-0.0012216227	148.0
0.028735137	601.79736	0.028729621	-0.00056296465	148.0
0.029034885	476.52283	0.029034881	-1.5768488e-05	148.0
0.029321881	376.86899	0.029319178	0.00039814293	148.0
0.029630814	298.10471	0.029622091	0.00071894209	148.0
0.029917235	236.05534	0.029901674	0.00096476119	148.0
0.030222472	186.69292	0.030199902	0.0011677926	148.0
0.030496957	147.6705	0.030467547	0.0013390197	148.0
0.030776197	116.9485	0.030742344	0.0014431322	148.0
0.031048372	92.536209	0.03100924	0.0015583467	148.0
0.031325601	73.194969	0.031281706	0.0016577616	148.0
0.031573839	57.900322	0.031525806	0.0017409293	148.0
0.031850882	45.809425	0.031796273	0.0018643307	148.0
0.032153163	36.240089	0.032092325	0.0019770171	148.0
0.032481488	28.680079	0.032413546	0.0020997969	148.0
0.032828782	22.705643	0.032752942	0.0022301555	148.0
0.033215139	17.958227	0.033131056	0.0023619018	148.0
0.033613876	14.204997	0.033525389	0.0024374132	148.0
0.034052759	11.24572	0.033959933	0.0025126701	148.0
0.034518525	8.8964586	0.034426443	0.0025196427	148.0
0.034963075	7.0361419	0.034876846	0.0024540336	148.0
0.035432838	5.5693088	0.035347357	0.002459727	148.0
0.035839163	4.4051557	0.035764951	0.0023051749	148.0
0.036186546	3.487803	0.036119636	0.0021995537	148.0
0.036459513	2.759043	0.036402781	0.002033141	148.0
0.036774546	2.1839514	0.036725197	0.0019045254	148.0
0.036986191	1.7276033	0.036943555	0.001775421	148.0
0.037138879	1.3667158	0.03709998	0.0016993964	148.0
0.037358642	1.0803342	0.037321799	0.0016587299	148.0
0.037495188	0.85448843	0.037460648	0.0016090538	148.0
0.037675962	0.67753714	0.037641365	0.0016142627	148.0
0.037879642	0.53551048	0.037844725	0.0016260619	148.0
0.038030602	0.42375177	0.037991717	0.0017193521	148.0
0.038217079	0.33527613	0.038174987	0.0017931657	148.0
0.038434818	0.26542693	0.038385741	0.0019416723	148.0
0.038654558	0.20954758	0.038595732	0.0021317687	148.0
0.038854659	0.16530976	0.038781289	0.002386624	148.0
0.039149754	0.13038516	0.039062373	0.0026142066	148.0
0.039476011	0.10477379	0.039363969	0.0029720995	148.0
0.039886955	0.081490725	0.03974073	0.0034122758	148.0
0.040180795	0.06519258	0.040001348	0.0037932096	148.0
0.040690091	0.051222742	0.040468901	0.0042369212	148.0
0.041326176	0.041909516	0.041034233	0.0049035195	148.0
0.041953482	0.03259629	0.041578598	0.0055959667	148.0
0.042702179	0.025611371	0.04223308	0.0063121412	148.0
0.043624889	0.020954758	0.043085273	0.0068403408	148.0
0.044662062	0.016298145	0.043929718	0.0080547966	148.0
0.046845749	0.011641532	0.045954011	0.0090968739	148.0
0.048260685	0.0093132257	0.047079612	0.010611502	148.0
